std    N   -1  0.1049538  -0.5514491  -0.7220064  -0.9896088  -0.0335257  -0.2953833
std    H   -1  0.0000000   0.0000000   0.0000000   0.0000000   0.0000000   0.0000000
std   CA   -1  0.0000000  -0.3171652   0.7184281   0.0000000  -0.3228718  -0.1623656
std   HA   -1  0.0867546  -2.2950958  -1.2431488  -3.3287317  -0.3565204   0.4139583
std    C   -1  0.0000000   5.0389158   0.0000000  10.7479810   0.0000000  -1.2077866
std    O   -1 -0.3532599  -0.9486056   0.0000000  -1.6351735  -0.4007998   0.9900209
std    N    0  0.0000000   0.0000000   0.0000000   0.0000001   0.0000000   3.6029795
std    H    0 -0.2327538   3.9203989   0.0000001  -3.5391268  -0.3422196  -0.7672058
std   CA    0  0.0000000   0.0000001   0.0000000 -15.9054560   0.0000000   0.0000000
std   HA    0  0.0000001   7.8884100   0.0647727  -2.1882201   0.0000000   1.5220600
std    C    0  0.0000000   6.2111825   0.3561690   1.7859756   0.0000001  -5.7922812
std    O    0  0.1744758   3.6965816  -0.5820469   4.2262422   0.0000000   1.2132408
std    N    1  0.0000000   0.8900045  -0.4391426   1.0503018   0.0000000   1.1459425
std    H    1  0.1487117   1.0575798   0.0000000   4.1696025   0.0000000   0.9454372
std   CA    1 -0.0532967   0.8431783   0.3153333  -3.5151185  -1.4947525  -2.4331324
std   HA    1  0.0388204  -0.0068419  -0.0476424   0.7841273  -0.1945234   0.1294023
std    C    1  0.1117464   0.5577506  -0.0367456   0.0492691  -0.8447972   0.1112132
std    O    1  0.0000000   0.0000000   0.0000000   0.0000000   0.0000000   0.0000000
gly    N   -1  0.0663175  -0.4879558  -0.6791740  -0.7475809  -0.0373979   0.0000000
gly    H   -1  0.0000000   0.0000000   0.0000000   0.0000000   0.0000000   0.0000000
gly   CA   -1  0.0000000  -0.5317572   0.7014888   0.0000000  -0.9441592   0.0000000
gly   HA   -1  0.0805372  -1.7137742  -1.0601918  -3.7811287  -0.3017085   0.0000000
gly    C   -1  0.0000000   3.8804893   0.0000000  11.6610720   0.0000000   0.0000000
gly    O   -1 -0.3009441  -1.0573319   0.0000000  -2.1254723  -0.0635957   0.0000000
gly    N    0  0.0000000   0.0000000   0.0000000   0.0000001   0.0000000   0.0000000
gly    H    0 -0.1629661   2.8169776   0.0000001  15.2464620   0.3813989   0.0000000
gly   CA    0  0.0000000   0.0000001   0.0000000 -18.0481660   0.0000000   0.0000000
gly   HA    0  0.0000001   6.6313875   0.0135944   8.3760367   0.0000000   0.0000000
gly    C    0  0.0000000   6.7846053   0.5119419  12.0061100   0.0000001   0.0000000
gly    O    0  0.0989333   3.9973166  -0.9571200   3.4703765   0.0000000   0.0000000
gly    N    1  0.0000000  -1.5019093  -0.9095434   1.1213514   0.0000000   0.0000000
gly    H    1  0.1331114   0.7995692   0.0000000   3.9804866   0.0000000   0.0000000
gly   CA    1  0.0646256   1.0488699   0.4474430  -2.8770606  -1.2155090   0.0000000
gly   HA    1  0.0221346  -0.0029701  -0.0566733   0.6644562  -0.2252219   0.0000000
gly    C    1  0.1054101   0.5482872  -0.0732623  -0.0703270  -0.9356821   0.0000000
gly    O    1  0.0000000   0.0000000   0.0000000   0.0000000   0.0000000   0.0000000
pro    N   -1  0.0297782  -0.3084801   0.0000000   0.0000000   0.0570203  -0.2483017
pro    H   -1  0.0000000   0.0000000   0.0000000   0.0000000   0.0000000   0.0000000
pro   CA   -1  0.0000000   0.8047905   0.0000000   0.0000000   0.4554952  -1.6760849
pro   HA   -1 -0.0194261  -2.0300362   0.0000000   0.0000000  -0.3650702   0.2375751
pro    C   -1  0.0000000   1.3222739   0.0000000   0.0000000   0.0000000  -0.4814236
pro    O   -1 -0.2139526  -0.7680869   0.0000000   0.0000000   0.0210265   1.1264962
pro    N    0  0.0000000   0.0000000   0.0000000   0.0000000   0.0000000   1.6972503
pro    H    0  0.0000000   0.0000000   0.0000000   0.0000000   0.0000000   0.0000000
pro   CA    0  0.0000000   0.0000001   0.0000000   0.0000000   0.0000000   0.0000000
pro   HA    0  0.0000001   7.7247550   0.0000000   0.0000000   0.0000000   1.1828645
pro    C    0  0.0000000   1.7933113   0.0000000   0.0000000   0.0000001  -4.7655492
pro    O    0  0.0466054   7.9039908   0.0000000   0.0000000   0.0000000   0.9695745
pro    N    1  0.0000000   3.9079032   0.0000000   0.0000000   0.0000000   0.4914757
pro    H    1  0.2079951   1.1819019   0.0000000   0.0000000   0.0000000   1.2655731
pro   CA    1  0.0271823   0.7888304   0.0000000   0.0000000  -1.1011533  -2.2653164
pro   HA    1  0.0331915   0.0588155   0.0000000   0.0000000  -0.1836946   0.1337957
pro    C    1  0.1143958   0.5778967   0.0000000   0.0000000  -0.8609930   0.0970634
pro    O    1  0.0000000   0.0000000   0.0000000   0.0000000   0.0000000   0.0000000
END