!FACTS parameters: CHARMM22 version

SELF RCUT
 0.714752d+1
 0.642627d+1
 0.600000d+1
 0.711831d+1
 0.820532d+1
 0.837924d+1
 0.802782d+1
 0.854745d+1
 0.850252d+1
 0.837057d+1
 0.852379d+1
 0.884069d+1
 0.920590d+1
 0.881363d+1
 0.986535d+1
 0.891107d+1
 0.600000d+1
 0.952518d+1
 0.600000d+1
END

VDW RADIUS
 0.2245d0
 0.4500d0
 0.7000d0
 0.9000d0
 1.3200d0
 1.3582d0
 1.4680d0
 1.7000d0
 1.7700d0
 1.8000d0
 1.8500d0
 1.9750d0
 1.9924d0
 2.0000d0
 2.0600d0
 2.1750d0
 2.2350d0
 2.2750d0
 2.3650d0
END

FACTS_A
 -0.150967d+3   0.127403d+3   0.510164d-2  -0.478652d+2
 -0.174143d+3   0.156700d+3   0.813065d-2   0.244034d+3
 -0.174143d+3   0.156700d+3   0.813065d-2   0.244034d+3
 -0.174143d+3   0.156700d+3   0.813065d-2   0.244034d+3
 -0.127149d+3   0.121317d+3   0.303488d-2   0.337407d+3
 -0.110988d+3   0.103587d+3   0.300192d-2   0.405079d+3
 -0.104285d+3   0.949888d+2   0.503257d-2   0.642381d+3
 -0.968233d+2   0.961271d+2   0.235122d-2   0.666119d+3
 -0.929564d+2   0.929544d+2   0.243993d-2   0.693910d+3
 -0.123827d+3   0.123825d+3   0.185613d-2   0.347902d+3
 -0.932613d+2   0.932593d+2   0.202205d-2   0.715165d+3
 -0.791668d+2   0.688771d+2   0.354600d-2   0.895937d+3
 -0.845685d+2   0.845665d+2   0.187023d-2   0.915891d+3
 -0.858924d+2   0.858904d+2   0.196363d-2   0.900140d+3
 -0.763464d+2   0.763444d+2   0.192986d-2   0.130541d+4
 -0.754147d+2   0.754127d+2   0.224894d-2   0.979966d+3
 -0.735409d+2   0.731524d+2   0.182580d-2   0.121299d+4
 -0.735409d+2   0.731524d+2   0.182580d-2   0.121299d+4
 -0.735409d+2   0.731524d+2   0.182580d-2   0.121299d+4
END

FACTS_B
 -0.210603d+3  -0.199137d+1
  0.152309d+3  -0.133090d+1
  0.152309d+3  -0.133090d+1
  0.152309d+3  -0.133090d+1
  0.495330d+2  -0.138532d+1
 -0.223768d+3  -0.138928d+1
  0.383667d+2  -0.501591d+0
 -0.220010d+3  -0.966769d+0
 -0.223037d+3  -0.836065d+0
  0.853399d+1  -0.109161d+1
 -0.289292d+3  -0.697267d+0
  0.507041d+3  -0.108130d+1
  0.519116d+1  -0.105654d+1
  0.147227d+3  -0.811304d+0
  0.257422d+2  -0.894245d+0
  0.620536d+2  -0.943820d+0
  0.746028d+3  -0.130263d+1
  0.746028d+3  -0.130263d+1
  0.746028d+3  -0.130263d+1
END

FACTS_C
  0.331627d+2  -0.331607d+2   0.276020d-1  -0.719487d+4
  0.872021d+1  -0.871821d+1   0.143223d-2  -0.709153d+4
  0.872021d+1  -0.871821d+1   0.143223d-2  -0.709153d+4
  0.872021d+1  -0.871821d+1   0.143223d-2  -0.709153d+4
  0.100230d+3  -0.100228d+3   0.630842d-2  -0.578701d+3
  0.163762d+3  -0.163760d+3   0.327572d-2  -0.141485d+4
  0.458058d+2  -0.458038d+2   0.193741d-2  -0.240496d+4
  0.650084d+2  -0.650064d+2   0.245596d-2  -0.135370d+4
  0.721270d+2  -0.721250d+2   0.171363d-2  -0.208454d+4
  0.315402d+2  -0.313502d+2   0.567394d-3  -0.142830d+5
  0.746559d+2  -0.746539d+2   0.268963d-2  -0.128236d+4
  0.179508d+3  -0.179460d+3   0.501248d-2  -0.346746d+3
  0.160296d+3  -0.160221d+3   0.882224d-3  -0.537504d+4
  0.168481d+3  -0.168287d+3   0.113765d-2  -0.672543d+4
  0.166467d+3  -0.166465d+3   0.471945d-3  -0.969033d+4
  0.130754d+3  -0.130750d+3   0.326802d-3  -0.152890d+5
  0.178300d+3  -0.178298d+3   0.302069d-2  -0.103577d+4
  0.178300d+3  -0.178298d+3   0.302069d-2  -0.103577d+4
  0.178300d+3  -0.178298d+3   0.302069d-2  -0.103577d+4
END

FACTS_D
 -0.448975d+4  -0.977422d+1
 -0.978643d+4  -0.688345d+1
 -0.978643d+4  -0.688345d+1
 -0.978643d+4  -0.688345d+1
 -0.192740d+3  -0.176685d+1
 -0.728029d+3  -0.225798d+1
 -0.345948d+4  -0.203757d+1
 -0.193196d+4  -0.166026d+1
 -0.309785d+4  -0.119474d+1
 -0.227929d+5  -0.825630d+1
 -0.193388d+4  -0.156243d+1
  0.278812d+3  -0.224176d+1
 -0.609707d+4  -0.203276d+0
 -0.811741d+4  -0.217625d+1
 -0.105332d+5  -0.124008d+1
 -0.211060d+5  -0.454142d+0
 -0.639876d+3  -0.199623d+1
 -0.639876d+3  -0.199623d+1
 -0.639876d+3  -0.199623d+1
END

FACTS_F
 -0.210603d+3  -0.199137d+1
  0.152309d+3  -0.133090d+1
  0.152309d+3  -0.133090d+1
  0.152309d+3  -0.133090d+1
  0.495330d+2  -0.138532d+1
 -0.223768d+3  -0.138928d+1
  0.383667d+2  -0.501591d+0
 -0.220010d+3  -0.966769d+0
 -0.223037d+3  -0.836065d+0
  0.853399d+1  -0.109161d+1
 -0.289292d+3  -0.697267d+0
  0.507041d+3  -0.108130d+1
  0.519116d+1  -0.105654d+1
  0.147227d+3  -0.811304d+0
  0.257422d+2  -0.894245d+0
  0.620536d+2  -0.943820d+0
  0.746028d+3  -0.130263d+1
  0.746028d+3  -0.130263d+1
  0.746028d+3  -0.130263d+1
END