!FACTS parameters: CHARMM19 version

SELF RCUT
  0.750653d+1 
  0.888280d+1 
  0.100000d+2 
  0.996775d+1 
  0.100000d+2 
  0.980689d+1 
  0.100000d+2
  0.854745d+1
END

VDW RADIUS
  1.000d0
  1.600d0
  1.890d0
  2.100d0
  2.165d0
  2.235d0
  2.365d0
  1.700d0
END

FACTS_A
 -0.145713d+3   0.128031d+3   0.565022d-2   0.190511d+3 
 -0.102064d+3   0.101863d+3   0.223184d-2   0.575798d+3 
 -0.786321d+2   0.720024d+2   0.241746d-2   0.109742d+4 
 -0.757741d+2   0.757721d+2   0.185735d-2   0.113839d+4 
 -0.698119d+2   0.698099d+2   0.272477d-2   0.126616d+4 
 -0.697933d+2   0.697913d+2   0.224315d-2   0.115681d+4 
 -0.612286d+2   0.612266d+2   0.233284d-2   0.139336d+4 
 -0.968233d+2   0.961271d+2   0.235122d-2   0.666119d+3
END

FACTS_B
 -0.146119d+3  -0.123030d+1 
 -0.333497d+3  -0.951523d+0 
  0.134968d+3  -0.895481d+0 
 -0.126041d+3  -0.766938d+0 
 -0.873195d+2  -0.530376d+0 
  0.199651d+1  -0.794886d+0 
  0.161465d+3  -0.698050d+0 
 -0.220010d+3  -0.966769d+0
END

FACTS_C
  0.163304d+2  -0.163284d+2   0.427427d-2  -0.127882d+4 
  0.551873d+2  -0.551853d+2   0.160205d-2  -0.343534d+4 
  0.393976d+2  -0.391533d+2   0.731149d-3  -0.765844d+4 
  0.167488d+3  -0.167463d+3   0.188775d-2  -0.233942d+4 
  0.103612d+3  -0.103610d+3   0.208470d-2  -0.975892d+3 
  0.637879d+2  -0.637859d+2   0.288320d-2  -0.626834d+3 
  0.123362d+3  -0.123360d+3   0.397702d-2  -0.249603d+3 
  0.650084d+2  -0.650064d+2   0.245596d-2  -0.135370d+4
END

FACTS_D
 -0.193261d+4  -0.129440d+1
 -0.377745d+4  -0.355457d+1
 -0.139512d+5  -0.268920d+1
 -0.226779d+4  -0.202926d+1
 -0.152804d+4  -0.131676d+1
 -0.149749d+4  -0.144059d+1
  0.385298d+3  -0.212571d+1
 -0.193196d+4  -0.166026d+1
END

FACTS_F
 -0.146119d+3  -0.123030d+1
 -0.333497d+3  -0.951523d+0
  0.134968d+3  -0.895481d+0
 -0.126041d+3  -0.766938d+0
 -0.873195d+2  -0.530376d+0
  0.199651d+1  -0.794886d+0
  0.161465d+3  -0.698050d+0
  0.134968d+3  -0.895481d+0
END
