    -1.3182875
     0.3113254
     4.1851074
     0.0264527
    -0.3434478
    -0.0157953
    -0.1187518
    -0.1084869
    -0.0045177
    -8.7169104
     0.5371574
     0.3554960
     2.0545045
    -0.0788919
     0.0163362
     0.0002475
     0.0027744
     0.0046474
     0.0002086
     0.1174450
    -0.0388103
    -0.0018711
    -0.0415300
     0.0015531
    -0.0000432
     3.4131161
     1.1806993
    -0.1022717
    -1.1816925
    -0.0321680
    -0.0055347
    -0.8262316
     0.0237658
     0.0020226
    -0.0002260
    -0.9926145
    -0.2557119
     1.7121316
     0.4594559
     0.1834330
     0.0081142
     0.2501108
     0.0934642
     0.0082394
   -10.7874567
    -1.8065982
    -0.2208559
    -1.4307212
    -0.0089370
    -0.0083102
    -0.0000231
    -0.0211792
    -0.0028447
    -0.0000787
    -0.1280738
     0.2243995
     0.0153208
    -0.0064864
    -0.0036321
    -0.0002119
    10.3441396
     0.5889749
     0.0983674
    -4.4799509
     0.0567918
    -0.0042223
     1.1274224
     0.0543258
     0.0002695
     0.0001557
    -0.1057189
     0.0410281
    -0.3132681
     0.7958913
    -0.0875400
    -0.0069854
     0.0248652
     0.0345497
     0.0053137
    -0.5108478
    -1.0525656
     0.1454408
    -0.6467432
    -0.0884223
    -0.0006780
     0.0002508
    -0.0013605
    -0.0027668
    -0.0001643
     0.0188493
    -0.0018069
    -0.0011573
     0.0452435
     0.0021021
     0.0000095
     0.2795982
     0.4406313
    -0.0641967
     0.1271089
     0.0424738
    -0.0004932
    -0.1692371
    -0.0114246
     0.0006590
     0.0000157
    -3.6670600
     0.3056393
     3.4397131
    -5.4547708
    -0.2601221
    -0.0217192
    -0.7945123
    -0.0802075
     0.0292555
    24.0590730
    -3.0435773
     0.1660994
     6.2676588
     0.7951555
    -0.0049334
     0.0007038
     0.0054487
    -0.0036860
    -0.0007347
     0.3864846
     0.1768067
    -0.0033009
     0.1795119
     0.0029827
    -0.0001838
   -19.1690610
    -0.3414019
     0.0193378
    -4.0272972
     0.3246052
     0.0019099
    -1.1988970
    -0.7135369
    -0.0210126
     0.0001526
     0.0709960
    -0.0120226
    -0.5097677
    -0.0107257
     0.0133649
     0.0006070
     0.0274406
     0.0010739
     0.0001601
     0.6160173
     0.1065653
    -0.0102369
    -0.0048782
    -0.0113692
    -0.0007693
    -0.0000158
    -0.0001155
     0.0000625
    -0.0000039
    -0.0220984
    -0.0040802
    -0.0002932
    -0.0037723
     0.0004154
     0.0000028
    -0.1251863
    -0.2081527
     0.0045722
     0.1429736
     0.0134923
     0.0003888
     0.0495914
    -0.0048695
    -0.0001701
     0.0000085
     6.4244723
    -0.6779418
   -18.9614656
    -2.8999173
    -0.0547509
     0.0398521
     1.3287410
    -0.1944364
     0.0041352
    24.1120650
     8.4122092
    -0.2769085
    -0.0628502
     0.2547805
    -0.0023737
    -0.0007238
    -0.0228388
     0.0040591
    -0.0006840
    -0.6333844
    -0.0780826
    -0.0127104
     0.0007659
     0.0102702
     0.0004610
   -10.4180030
    -7.8456296
     0.1010939
    -4.6180060
     0.1700478
     0.0143592
     2.7504821
    -0.1022874
    -0.0129939
    -0.0000406
