    -2.6324294
     0.3557116
     4.9331268
    -0.2345029
    -0.1434460
    -0.0184727
    -0.0739323
    -0.1077252
    -0.0067762
    -8.0624447
     0.7631988
     0.1805139
     0.8934880
    -0.0161703
     0.0077000
     0.0003009
     0.0010765
     0.0047552
     0.0002919
     0.0786202
     0.0002218
    -0.0002673
    -0.0927476
     0.0022238
    -0.0000692
     3.3229881
     0.4765216
    -0.0726409
    -0.4860648
    -0.0581535
    -0.0022850
     0.3028133
     0.0256831
     0.0004844
    -0.0000897
    -0.4018989
    -0.2230676
     0.4686718
     0.3559293
     0.0863944
     0.0091080
     0.1583048
     0.0526118
     0.0040198
    -7.3735978
     0.5541690
    -0.1859280
     0.3921727
    -0.0634902
    -0.0022907
    -0.0000847
    -0.0168002
    -0.0009230
    -0.0000564
    -0.1742976
     0.2690816
     0.0138154
     0.0130643
    -0.0033219
    -0.0001033
     7.2967223
     1.1046327
     0.1775063
    -6.2669679
    -0.0210417
    -0.0052101
    -0.1738336
     0.0354084
     0.0018124
     0.0000429
    -0.1175154
     0.0492502
    -0.2481800
     0.2091760
    -0.0911903
    -0.0065207
    -0.0216735
     0.0601125
     0.0050891
    -0.3692312
    -0.5585485
     0.1674640
    -0.2689023
    -0.0779509
    -0.0008834
     0.0002173
     0.0004817
    -0.0029866
    -0.0001758
     0.0247701
    -0.0392969
    -0.0017294
     0.0630860
     0.0016973
     0.0000393
     0.1545203
     0.6032623
    -0.0688171
    -0.0398521
     0.0399997
    -0.0006311
    -0.5306705
    -0.0115721
     0.0006380
     0.0000131
    -3.5771893
     0.3436251
    -0.5116808
    -5.3791343
    -0.2201150
    -0.0203601
    -1.1053025
    -0.1402188
     0.0284203
    27.2886040
    -3.2948530
     0.8276534
    11.9091803
     0.5834373
    -0.0130983
     0.0007320
     0.0233306
    -0.0104379
    -0.0012483
     0.3675488
     0.4491254
    -0.0149254
     0.4604297
    -0.0009711
     0.0004057
   -19.5097238
    10.4612181
    -0.3658895
   -13.8911788
     0.0564190
    -0.0025236
    -8.5043099
    -0.4464857
    -0.0153831
     0.0001851
     0.1783811
    -0.0113419
    -0.5869141
     0.0740975
    -0.0062305
     0.0004179
     0.0322879
    -0.0004417
     0.0002546
     0.5206108
    -0.0180714
     0.0028870
    -0.1737534
    -0.0106461
     0.0000844
    -0.0000121
    -0.0000728
     0.0001189
    -0.0000055
    -0.0257934
    -0.0001337
    -0.0003229
    -0.0049070
     0.0002825
     0.0000037
    -0.0358201
    -0.1310089
     0.0025774
     0.0768272
     0.0150585
     0.0000400
     0.2488101
    -0.0063811
    -0.0001098
    -0.0000028
     6.2787869
    -0.6248322
   -24.5575952
     0.1535835
     0.0113616
     0.0336348
     1.3373559
    -0.0116257
     0.0023016
    34.6606550
    10.2891311
    -0.1119380
    -1.8388715
    -0.1856379
    -0.0040293
    -0.0006530
    -0.0177453
    -0.0002647
    -0.0004330
    -0.7557593
    -0.1129595
    -0.0124260
    -0.1028080
     0.0095273
     0.0003618
   -16.1728688
    -8.7180763
     0.0858213
    -6.3689486
     0.2224242
     0.0077633
     2.3306905
     0.0907691
    -0.0028556
    -0.0000174
