NALA
   1  DUMM  DU       0   -1   -2      0.000      0.000      0.000  0.00000     0
   2  DUMM  DU       1    0   -1      1.449      0.000      0.000  0.00000     0
   3  DUMM  DU       2    1    0      1.522    111.100      0.000  0.00000     0
   4  N     NH3      3    2    1      1.335    116.600    180.000 -0.30000     1
   5  CA    CT1      4    3    2      1.449    121.900    180.000  0.25000     2
   6  CB    CT3      5    4    3      1.525    111.100     60.000  0.00000     3
   7  C     C        5    4    3      1.522    111.100    180.000  0.55000     4
   8  O     O        7    5    4      1.229    120.500      0.000 -0.55000     5
DONE
NGLY
   1  DUMM  DU       0   -1   -2      0.000      0.000      0.000  0.00000     0
   2  DUMM  DU       1    0   -1      1.449      0.000      0.000  0.00000     0
   3  DUMM  DU       2    1    0      1.522    111.100      0.000  0.00000     0
   4  N     NH3      3    2    1      1.335    116.600    180.000 -0.30000     1
   5  CA    CT2      4    3    2      1.449    121.900    180.000  0.25000     2
   6  C     C        5    4    3      1.522    110.400    180.000  0.55000     3
   7  O     O        6    5    4      1.229    120.500      0.000 -0.55000     4
DONE
NSER
   1  DUMM  DU       0   -1   -2      0.000      0.000      0.000  0.00000     0
   2  DUMM  DU       1    0   -1      1.449      0.000      0.000  0.00000     0
   3  DUMM  DU       2    1    0      1.522    111.100      0.000  0.00000     0
   4  N     NH3      3    2    1      1.335    116.600    180.000 -0.30000     1
   5  CA    CT1      4    3    2      1.449    121.900    180.000  0.25000     2
   6  CB    CT2      5    4    3      1.525    111.100     60.000  0.25000     3
   7  C     C        5    4    3      1.522    111.100    180.000  0.55000     4
   8  O     O        7    5    4      1.229    120.500      0.000 -0.55000     5
DONE
NTHR
   1  DUMM  DU       0   -1   -2      0.000      0.000      0.000  0.00000     0
   2  DUMM  DU       1    0   -1      1.449      0.000      0.000  0.00000     0
   3  DUMM  DU       2    1    0      1.522    111.100      0.000  0.00000     0
   4  N     NH3      3    2    1      1.335    116.600    180.000 -0.30000     1
   5  CA    CT1      4    3    2      1.449    121.900    180.000  0.25000     2
   6  CB    CT1      5    4    3      1.525    111.100     60.000  0.25000     3
   7  C     C        5    4    3      1.522    111.100    180.000  0.55000     4
   8  O     O        7    5    4      1.229    120.500      0.000 -0.55000     5
DONE
NLEU
   1  DUMM  DU       0   -1   -2      0.000      0.000      0.000  0.00000     0
   2  DUMM  DU       1    0   -1      1.449      0.000      0.000  0.00000     0
   3  DUMM  DU       2    1    0      1.522    111.100      0.000  0.00000     0
   4  N     NH3      3    2    1      1.335    116.600    180.000 -0.30000     1
   5  CA    CT1      4    3    2      1.449    121.900    180.000  0.25000     2
   6  CB    CT2      5    4    3      1.525    111.100     60.000  0.00000     3
   7  C     C        5    4    3      1.522    111.100    180.000  0.55000     4
   8  O     O        7    5    4      1.229    120.500      0.000 -0.55000     5
DONE
NILE
   1  DUMM  DU       0   -1   -2      0.000      0.000      0.000  0.00000     0
   2  DUMM  DU       1    0   -1      1.449      0.000      0.000  0.00000     0
   3  DUMM  DU       2    1    0      1.522    111.100      0.000  0.00000     0
   4  N     NH3      3    2    1      1.335    116.600    180.000 -0.30000     1
   5  CA    CT1      4    3    2      1.449    121.900    180.000  0.25000     2
   6  CB    CT1      5    4    3      1.525    109.470     60.000  0.00000     3
   7  C     C        5    4    3      1.522    111.100    180.000  0.55000     4
   8  O     O        7    5    4      1.229    120.500      0.000 -0.55000     5
DONE
NVAL
   1  DUMM  DU       0   -1   -2      0.000      0.000      0.000  0.00000     0
   2  DUMM  DU       1    0   -1      1.449      0.000      0.000  0.00000     0
   3  DUMM  DU       2    1    0      1.522    111.100      0.000  0.00000     0
   4  N     NH3      3    2    1      1.335    116.600    180.000 -0.30000     1
   5  CA    CT1      4    3    2      1.449    121.900    180.000  0.25000     2
   6  CB    CT1      5    4    3      1.525    111.100     60.000  0.00000     3
   7  C     C        5    4    3      1.522    111.100    180.000  0.55000     4
   8  O     O        7    5    4      1.229    120.500      0.000 -0.55000     5
DONE
NASN
   1  DUMM  DU       0   -1   -2      0.000      0.000      0.000  0.00000     0
   2  DUMM  DU       1    0   -1      1.449      0.000      0.000  0.00000     0
   3  DUMM  DU       2    1    0      1.522    111.100      0.000  0.00000     0
   4  N     NH3      3    2    1      1.335    116.600    180.000 -0.30000     1
   5  CA    CT1      4    3    2      1.449    121.900    180.000  0.25000     2
   6  CB    CT2      5    4    3      1.525    111.100     60.000  0.00000     3
   7  C     C        5    4    3      1.522    111.100    180.000  0.55000     4
   8  O     O        7    5    4      1.229    120.500      0.000 -0.55000     5
DONE
NGLN
   1  DUMM  DU       0   -1   -2      0.000      0.000      0.000  0.00000     0
   2  DUMM  DU       1    0   -1      1.449      0.000      0.000  0.00000     0
   3  DUMM  DU       2    1    0      1.522    111.100      0.000  0.00000     0
   4  N     NH3      3    2    1      1.335    116.600    180.000 -0.30000     1
   5  CA    CT1      4    3    2      1.449    121.900    180.000  0.25000     2
   6  CB    CT2      5    4    3      1.525    111.100     60.000  0.00000     3
   7  C     C        5    4    3      1.522    111.100    180.000  0.55000     4
   8  O     O        7    5    4      1.229    120.500      0.000 -0.55000     5
DONE
NARG
   1  DUMM  DU       0   -1   -2      0.000      0.000      0.000  0.00000     0
   2  DUMM  DU       1    0   -1      1.449      0.000      0.000  0.00000     0
   3  DUMM  DU       2    1    0      1.522    111.100      0.000  0.00000     0
   4  N     NH3      3    2    1      1.335    116.600    180.000 -0.30000     1
   5  CA    CT1      4    3    2      1.449    121.900    180.000  0.25000     2
   6  CB    CT2      5    4    3      1.525    111.100     60.000  0.00000     3
   7  C     C        5    4    3      1.522    111.100    180.000  0.55000     4
   8  O     O        7    5    4      1.229    120.500      0.000 -0.55000     5
DONE
NHIS
   1  DUMM  DU       0   -1   -2      0.000      0.000      0.000  0.00000     0
   2  DUMM  DU       1    0   -1      1.449      0.000      0.000  0.00000     0
   3  DUMM  DU       2    1    0      1.522    111.100      0.000  0.00000     0
   4  N     NH3      3    2    1      1.335    116.600    180.000 -0.30000     1
   5  CA    CT1      4    3    2      1.449    121.900    180.000  0.25000     2
   6  CB    CT2      5    4    3      1.525    111.100     60.000  0.00000     3
   7  C     C        5    4    3      1.522    111.100    180.000  0.55000     4
   8  O     O        7    5    4      1.229    120.500      0.000 -0.55000     5
DONE
NTRP
   1  DUMM  DU       0   -1   -2      0.000      0.000      0.000  0.00000     0
   2  DUMM  DU       1    0   -1      1.449      0.000      0.000  0.00000     0
   3  DUMM  DU       2    1    0      1.522    111.100      0.000  0.00000     0
   4  N     NH3      3    2    1      1.335    116.600    180.000 -0.30000     1
   5  CA    CT1      4    3    2      1.449    121.900    180.000  0.25000     2
   6  CB    CT2      5    4    3      1.525    111.100     60.000  0.00000     3
   7  C     C        5    4    3      1.522    111.100    180.000  0.55000     4
   8  O     O        7    5    4      1.229    120.500      0.000 -0.55000     5
DONE
NPHE
   1  DUMM  DU       0   -1   -2      0.000      0.000      0.000  0.00000     0
   2  DUMM  DU       1    0   -1      1.449      0.000      0.000  0.00000     0
   3  DUMM  DU       2    1    0      1.522    111.100      0.000  0.00000     0
   4  N     NH3      3    2    1      1.335    116.600    180.000 -0.30000     1
   5  CA    CT1      4    3    2      1.449    121.900    180.000  0.25000     2
   6  CB    CT2      5    4    3      1.525    111.100     60.000  0.00000     3
   7  C     C        5    4    3      1.522    111.100    180.000  0.55000     4
   8  O     O        7    5    4      1.229    120.500      0.000 -0.50000     5
DONE
NTYR
   1  DUMM  DU       0   -1   -2      0.000      0.000      0.000  0.00000     0
   2  DUMM  DU       1    0   -1      1.449      0.000      0.000  0.00000     0
   3  DUMM  DU       2    1    0      1.522    111.100      0.000  0.00000     0
   4  N     NH3      3    2    1      1.335    116.600    180.000 -0.30000     1
   5  CA    CT1      4    3    2      1.449    121.900    180.000  0.25000     2
   6  CB    CT2      5    4    3      1.525    111.100     60.000  0.00000     3
   7  C     C        5    4    3      1.522    111.100    180.000  0.55000     4
   8  O     O        7    5    4      1.229    120.500      0.000 -0.55000     5
DONE
NGLU
   1  DUMM  DU       0   -1   -2      0.000      0.000      0.000  0.00000     0
   2  DUMM  DU       1    0   -1      1.449      0.000      0.000  0.00000     0
   3  DUMM  DU       2    1    0      1.522    111.100      0.000  0.00000     0
   4  N     NH3      3    2    1      1.335    116.600    180.000 -0.30000     1
   5  CA    CT1      4    3    2      1.449    121.900    180.000  0.25000     2
   6  CB    CT2      5    4    3      1.525    111.100     60.000  0.00000     3
   7  C     C        5    4    3      1.522    111.100    180.000  0.55000     4
   8  O     O        7    5    4      1.229    120.500      0.000 -0.55000     5
DONE
NASP
   1  DUMM  DU       0   -1   -2      0.000      0.000      0.000  0.00000     0
   2  DUMM  DU       1    0   -1      1.449      0.000      0.000  0.00000     0
   3  DUMM  DU       2    1    0      1.522    111.100      0.000  0.00000     0
   4  N     NH3      3    2    1      1.335    116.600    180.000 -0.30000     1
   5  CA    CT1      4    3    2      1.449    121.900    180.000  0.25000     2
   6  CB    CT2      5    4    3      1.525    111.100     60.000 -0.16000     3
   7  C     C        5    4    3      1.522    111.100    180.000  0.55000     4
   8  O     O        7    5    4      1.229    120.500      0.000 -0.55000     5
DONE
NLYS
   1  DUMM  DU       0   -1   -2      0.000      0.000      0.000  0.00000     0
   2  DUMM  DU       1    0   -1      1.449      0.000      0.000  0.00000     0
   3  DUMM  DU       2    1    0      1.522    111.100      0.000  0.00000     0
   4  N     NH3      3    2    1      1.335    116.600    180.000 -0.30000     1
   5  CA    CT1      4    3    2      1.449    121.900    180.000  0.25000     2
   6  CB    CT2      5    4    3      1.525    111.100     60.000  0.00000     3
   7  C     C        5    4    3      1.522    111.100    180.000  0.55000     4
   8  O     O        7    5    4      1.229    120.500      0.000 -0.55000     5
DONE
NPRO
   1  DUMM  DU       0   -1   -2      0.000      0.000      0.000  0.00000     0
   2  DUMM  DU       1    0   -1      1.449      0.000      0.000  0.00000     0
   3  DUMM  DU       2    1    0      1.522    111.100      0.000  0.00000     0
   4  N     NP       3    2    1      1.337    117.000    180.000 -0.20000     1
   5  CA    CP1      4    3    2      1.451    120.600    175.200  0.25000     2
   6  CB    CP2      5    4    3      1.510    108.900    172.630  0.00000     3
   7  C     C        5    4    3      1.522    109.500    315.000  0.55000     4
   8  O     O        7    5    4      1.229    120.500      0.000 -0.55000     5
DONE
NCYS
   1  DUMM  DU       0   -1   -2      0.000      0.000      0.000  0.00000     0
   2  DUMM  DU       1    0   -1      1.449      0.000      0.000  0.00000     0
   3  DUMM  DU       2    1    0      1.522    111.100      0.000  0.00000     0
   4  N     NH3      3    2    1      1.335    116.600    180.000 -0.30000     1
   5  CA    CT1      4    3    2      1.449    121.900    180.000  0.25000     2
   6  CB    CT2      5    4    3      1.525    111.100     60.000  0.19000     3
   7  C     C        5    4    3      1.522    111.100    180.000  0.55000     4
   8  O     O        7    5    4      1.229    120.500      0.000 -0.55000     5
DONE
NMET
   1  DUMM  DU       0   -1   -2      0.000      0.000      0.000  0.00000     0
   2  DUMM  DU       1    0   -1      1.449      0.000      0.000  0.00000     0
   3  DUMM  DU       2    1    0      1.522    111.100      0.000  0.00000     0
   4  N     NH3      3    2    1      1.335    116.600    180.000 -0.30000     1
   5  CA    CT1      4    3    2      1.449    121.900    180.000  0.25000     2
   6  CB    CT2      5    4    3      1.525    111.100     60.000  0.00000     3
   7  C     C        5    4    3      1.522    111.100    180.000  0.55000     4
   8  O     O        7    5    4      1.229    120.500      0.000 -0.55000     5
DONE
