NALA
   1  DUMM  DU       0   -1   -2      0.000      0.000      0.000  0.00000     0
   2  DUMM  DU       1    0   -1      1.449      0.000      0.000  0.00000     0
   3  DUMM  DU       2    1    0      1.522    111.100      0.000  0.00000     0
   4  N     NH3      3    2    1      1.335    116.600    180.000 -0.30000     1
   5  H1    HC       4    3    2      1.010    130.000      0.000  0.33000     2
   6  H2    HC       4    3    2      1.010     60.000     90.000  0.33000     3
   7  H3    HC       4    3    2      1.010     60.000    -90.000  0.33000     4
   8  CA    CT1      4    3    2      1.449    121.900    180.000  0.21000     5
   9  HA    HB       8    4    3      1.090    109.500    300.000  0.10000     6
  10  CB    CT3      8    4    3      1.525    111.100     60.000 -0.27000     7
  11  HB1   HA      10    8    4      1.090    109.500     60.000  0.09000     8
  12  HB2   HA      10    8    4      1.090    109.500    180.000  0.09000     9
  13  HB3   HA      10    8    4      1.090    109.500    300.000  0.09000    10
  14  C     C        8    4    3      1.522    111.100    180.000  0.51000    11
  15  O     O       14    8    4      1.229    120.500      0.000 -0.51000    12
DONE
NARG
   1  DUMM  DU       0   -1   -2      0.000      0.000      0.000  0.00000     0
   2  DUMM  DU       1    0   -1      1.449      0.000      0.000  0.00000     0
   3  DUMM  DU       2    1    0      1.522    111.100      0.000  0.00000     0
   4  N     NH3      3    2    1      1.335    116.600    180.000 -0.30000     1
   5  H1    HC       4    3    2      1.010    130.000      0.000  0.33000     2
   6  H2    HC       4    3    2      1.010     60.000     90.000  0.33000     3
   7  H3    HC       4    3    2      1.010     60.000    -90.000  0.33000     4
   8  CA    CT1      4    3    2      1.449    121.900    180.000  0.21000     5
   9  HA    HB       8    4    3      1.090    109.500    300.000  0.10000     6
  10  CB    CT2      8    4    3      1.525    111.100     60.000 -0.18000     7
  11  HB2   HA      10    8    4      1.090    109.500    300.000  0.09000     8
  12  HB3   HA      10    8    4      1.090    109.500     60.000  0.09000     9
  13  CG    CT2     10    8    4      1.525    109.470    180.000 -0.18000    10
  14  HG2   HA      13   10    8      1.090    109.500    300.000  0.09000    11
  15  HG3   HA      13   10    8      1.090    109.500     60.000  0.09000    12
  16  CD    CT2     13   10    8      1.525    109.470    180.000  0.20000    13
  17  HD2   HA      16   13   10      1.090    109.500    300.000  0.09000    14
  18  HD3   HA      16   13   10      1.090    109.500     60.000  0.09000    15
  19  NE    NC2     16   13   10      1.480    111.000    180.000 -0.70000    16
  20  HE    HC      19   16   13      1.010    118.500      0.000  0.44000    17
  21  CZ    C       19   16   14      1.330    123.000    180.000  0.64000    18
  22  NH1   NC2     21   19   16      1.330    122.000      0.000 -0.80000    19
  23  HH11  HC      22   21   19      1.010    119.800      0.000  0.46000    20
  24  HH12  HC      22   21   19      1.010    119.800    180.000  0.46000    21
  25  NH2   NC2     21   19   16      1.330    118.000    180.000 -0.80000    22
  26  HH21  HC      25   21   19      1.010    119.800      0.000  0.46000    23
  27  HH22  HC      25   21   19      1.010    119.800    180.000  0.46000    24
  28  C     C        8    4    3      1.522    111.100    180.000  0.51000    25
  29  O     O       28    8    4      1.229    120.500      0.000 -0.51000    26
DONE
NASN
   1  DUMM  DU       0   -1   -2      0.000      0.000      0.000  0.00000     0
   2  DUMM  DU       1    0   -1      1.449      0.000      0.000  0.00000     0
   3  DUMM  DU       2    1    0      1.522    111.100      0.000  0.00000     0
   4  N     NH3      3    2    1      1.335    116.600    180.000 -0.30000     1
   5  H1    HC       4    3    2      1.010    130.000      0.000  0.33000     2
   6  H2    HC       4    3    2      1.010     60.000     90.000  0.33000     3
   7  H3    HC       4    3    2      1.010     60.000    -90.000  0.33000     4
   8  CA    CT1      4    3    2      1.449    121.900    180.000  0.21000     5
   9  HA    HB       8    4    3      1.090    109.500    300.000  0.10000     6
  10  CB    CT2      8    4    3      1.525    111.100     60.000 -0.18000     7
  11  HB2   HA      10    8    4      1.090    109.500    300.000  0.09000     8
  12  HB3   HA      10    8    4      1.090    109.500     60.000  0.09000     9
  13  CG    CC      10    8    4      1.522    111.100    180.000  0.55000    10
  14  OD1   O       13   10    8      1.229    120.500      0.000 -0.55000    11
  15  ND2   NH2     13   10    8      1.335    116.600    180.000 -0.62000    12
  16  HD21  H       15   13   10      1.010    119.800    180.000  0.32000    13
  17  HD22  H       15   13   10      1.010    119.800      0.000  0.30000    14
  18  C     C        8    4    3      1.522    111.100    180.000  0.51000    15
  19  O     O       18    8    4      1.229    120.500      0.000 -0.51000    16
DONE
NASP
   1  DUMM  DU       0   -1   -2      0.000      0.000      0.000  0.00000     0
   2  DUMM  DU       1    0   -1      1.449      0.000      0.000  0.00000     0
   3  DUMM  DU       2    1    0      1.522    111.100      0.000  0.00000     0
   4  N     NH3      3    2    1      1.335    116.600    180.000 -0.30000     1
   5  H1    HC       4    3    2      1.010    130.000      0.000  0.33000     2
   6  H2    HC       4    3    2      1.010     60.000     90.000  0.33000     3
   7  H3    HC       4    3    2      1.010     60.000    -90.000  0.33000     4
   8  CA    CT1      4    3    2      1.449    121.900    180.000  0.21000     5
   9  HA    HB       8    4    3      1.090    109.500    300.000  0.10000     6
  10  CB    CT2      8    4    3      1.525    111.100     60.000 -0.28000     7
  11  HB2   HA      10    8    4      1.090    109.500    300.000  0.09000     8
  12  HB3   HA      10    8    4      1.090    109.500     60.000  0.09000     9
  13  CG    CC      10    8    4      1.527    109.470    180.000  0.62000    10
  14  OD1   OC      13   10    8      1.260    117.200     90.000 -0.76000    11
  15  OD2   OC      13   10    8      1.260    117.200    270.000 -0.76000    12
  16  C     C        8    4    3      1.522    111.100    180.000  0.51000    13
  17  O     O       16    8    4      1.229    120.500      0.000 -0.51000    14
DONE
NASH
   1  DUMM  DU       0   -1   -2      0.000      0.000      0.000  0.00000     0
   2  DUMM  DU       1    0   -1      1.449      0.000      0.000  0.00000     0
   3  DUMM  DU       2    1    0      1.522    111.100      0.000  0.00000     0
   4  N     NH3      3    2    1      1.335    116.600    180.000 -0.30000     1
   5  H1    HC       4    3    2      1.010    130.000      0.000  0.33000     2
   6  H2    HC       4    3    2      1.010     60.000     90.000  0.33000     3
   7  H3    HC       4    3    2      1.010     60.000    -90.000  0.33000     4
   8  CA    CT1      4    3    2      1.449    121.900    180.000  0.21000     5
   9  HA    HB       8    4    3      1.090    109.500    300.000  0.10000     6
  10  CB    CT2      8    4    3      1.525    111.100     60.000 -0.28000     7
  11  HB2   HA      10    8    4      1.090    109.500    300.000  0.09000     8
  12  HB3   HA      10    8    4      1.090    109.500     60.000  0.09000     9
  13  CG    CD      10    8    4      1.527    109.470    180.000  0.75000    10
  14  OD1   OB      13   10    8      1.260    117.200     90.000 -0.55000    11
  15  OD2   OH1     13   10    8      1.260    117.200    270.000 -0.61000    12
  16  HD2   H       15   13   10      0.960    109.500    180.000  0.44000    13
  17  C     C        8    4    3      1.522    111.100    180.000  0.51000    14
  18  O     O       17    8    4      1.229    120.500      0.000 -0.51000    15
DONE
NCYS
   1  DUMM  DU       0   -1   -2      0.000      0.000      0.000  0.00000     0
   2  DUMM  DU       1    0   -1      1.449      0.000      0.000  0.00000     0
   3  DUMM  DU       2    1    0      1.522    111.100      0.000  0.00000     0
   4  N     NH3      3    2    1      1.335    116.600    180.000 -0.30000     1
   5  H1    HC       4    3    2      1.010    130.000      0.000  0.33000     2
   6  H2    HC       4    3    2      1.010     60.000     90.000  0.33000     3
   7  H3    HC       4    3    2      1.010     60.000    -90.000  0.33000     4
   8  CA    CT1      4    3    2      1.449    121.900    180.000  0.21000     5
   9  HA    HB       8    4    3      1.090    109.500    300.000  0.10000     6
  10  CB    CT2      8    4    3      1.525    111.100     60.000 -0.11000     7
  11  HB2   HA      10    8    4      1.090    109.500    300.000  0.09000     8
  12  HB3   HA      10    8    4      1.090    109.500     60.000  0.09000     9
  13  SG    S       10    8    4      1.810    116.000    180.000 -0.23000    10
  14  HG    HS      13   10    8      1.330     96.000    180.000  0.16000    11
  15  C     C        8    4    3      1.522    111.100    180.000  0.51000    12
  16  O     O       15    8    4      1.229    120.500      0.000 -0.51000    13
DONE
NGLN
   1  DUMM  DU       0   -1   -2      0.000      0.000      0.000  0.00000     0
   2  DUMM  DU       1    0   -1      1.449      0.000      0.000  0.00000     0
   3  DUMM  DU       2    1    0      1.522    111.100      0.000  0.00000     0
   4  N     NH3      3    2    1      1.335    116.600    180.000 -0.30000     1
   5  H1    HC       4    3    2      1.010    130.000      0.000  0.33000     2
   6  H2    HC       4    3    2      1.010     60.000     90.000  0.33000     3
   7  H3    HC       4    3    2      1.010     60.000    -90.000  0.33000     4
   8  CA    CT1      4    3    2      1.449    121.900    180.000  0.21000     5
   9  HA    HB       8    4    3      1.090    109.500    300.000  0.10000     6
  10  CB    CT2      8    4    3      1.525    111.100     60.000 -0.18000     7
  11  HB2   HA      10    8    4      1.090    109.500    300.000  0.09000     8
  12  HB3   HA      10    8    4      1.090    109.500     60.000  0.09000     9
  13  CG    CT2     10    8    4      1.525    109.470    180.000 -0.18000    10
  14  HG2   HA      13   10    8      1.090    109.500    300.000  0.09000    11
  15  HG3   HA      13   10    8      1.090    109.500     60.000  0.09000    12
  16  CD    CC      13   10    8      1.522    111.100    180.000  0.55000    13
  17  OE1   O       16   13   10      1.229    120.500      0.000 -0.55000    14
  18  NE2   NH2     16   13   10      1.335    116.600    180.000 -0.62000    15
  19  HE21  H       18   16   13      1.010    119.800    180.000  0.32000    16
  20  HE22  H       18   16   13      1.010    119.800      0.000  0.30000    17
  21  C     C        8    4    3      1.522    111.100    180.000  0.51000    18
  22  O     O       21    8    4      1.229    120.500      0.000 -0.51000    19
DONE
NGLU
   1  DUMM  DU       0   -1   -2      0.000      0.000      0.000  0.00000     0
   2  DUMM  DU       1    0   -1      1.449      0.000      0.000  0.00000     0
   3  DUMM  DU       2    1    0      1.522    111.100      0.000  0.00000     0
   4  N     NH3      3    2    1      1.335    116.600    180.000 -0.30000     1
   5  H1    HC       4    3    2      1.010    130.000      0.000  0.33000     2
   6  H2    HC       4    3    2      1.010     60.000     90.000  0.33000     3
   7  H3    HC       4    3    2      1.010     60.000    -90.000  0.33000     4
   8  CA    CT1      4    3    2      1.449    121.900    180.000  0.21000     5
   9  HA    HB       8    4    3      1.090    109.500    300.000  0.10000     6
  10  CB    CT2      8    4    3      1.525    111.100     60.000 -0.18000     7
  11  HB2   HA      10    8    4      1.090    109.500    300.000  0.09000     8
  12  HB3   HA      10    8    4      1.090    109.500     60.000  0.09000     9
  13  CG    CT2     10    8    4      1.510    109.470    180.000 -0.28000    10
  14  HG2   HA      13   10    8      1.090    109.500    300.000  0.09000    11
  15  HG3   HA      13   10    8      1.090    109.500     60.000  0.09000    12
  16  CD    CC      13   10    8      1.527    109.470    180.000  0.62000    13
  17  OE1   OC      16   13   10      1.260    117.200     90.000 -0.76000    14
  18  OE2   OC      16   13   10      1.260    117.200    270.000 -0.76000    15
  19  C     C        8    4    3      1.522    111.100    180.000  0.51000    16
  20  O     O       19    8    4      1.229    120.500      0.000 -0.51000    17
DONE
NGLH
   1  DUMM  DU       0   -1   -2      0.000      0.000      0.000  0.00000     0
   2  DUMM  DU       1    0   -1      1.449      0.000      0.000  0.00000     0
   3  DUMM  DU       2    1    0      1.522    111.100      0.000  0.00000     0
   4  N     NH3      3    2    1      1.335    116.600    180.000 -0.30000     1
   5  H1    HC       4    3    2      1.010    130.000      0.000  0.33000     2
   6  H2    HC       4    3    2      1.010     60.000     90.000  0.33000     3
   7  H3    HC       4    3    2      1.010     60.000    -90.000  0.33000     4
   8  CA    CT1      4    3    2      1.449    121.900    180.000  0.21000     5
   9  HA    HB       8    4    3      1.090    109.500    300.000  0.10000     6
  10  CB    CT2      8    4    3      1.525    111.100     60.000 -0.18000     7
  11  HB2   HA      10    8    4      1.090    109.500    300.000  0.09000     8
  12  HB3   HA      10    8    4      1.090    109.500     60.000  0.09000     9
  13  CG    CT2     10    8    4      1.510    109.470    180.000 -0.21000    10
  14  HG2   HA      13   10    8      1.090    109.500    300.000  0.09000    11
  15  HG3   HA      13   10    8      1.090    109.500     60.000  0.09000    12
  16  CD    CD      13   10    8      1.527    109.470    180.000  0.75000    13
  17  OE1   OB      16   13   10      1.260    117.200     90.000 -0.55000    14
  18  OE2   OH1     16   13   10      1.260    117.200    270.000 -0.61000    15
  19  HE2   H       18   16   13      0.960    109.500    180.000  0.44000    16
  20  C     C        8    4    3      1.522    111.100    180.000  0.51000    17
  21  O     O       20    8    4      1.229    120.500      0.000 -0.51000    18
DONE
NGLY
   1  DUMM  DU       0   -1   -2      0.000      0.000      0.000  0.00000     0
   2  DUMM  DU       1    0   -1      1.449      0.000      0.000  0.00000     0
   3  DUMM  DU       2    1    0      1.522    111.100      0.000  0.00000     0
   4  N     NH3      3    2    1      1.335    116.600    180.000 -0.30000     1
   5  H1    HC       4    3    2      1.010    130.000      0.000  0.33000     2
   6  H2    HC       4    3    2      1.010     60.000     90.000  0.33000     3
   7  H3    HC       4    3    2      1.010     60.000    -90.000  0.33000     4
   8  CA    CT2      4    3    2      1.449    121.900    180.000  0.13000     5
   9  HA2   HB       8    4    3      1.090    109.500    300.000  0.09000     6
  10  HA3   HB       8    4    3      1.090    109.500     60.000  0.09000     7
  11  C     C        8    4    3      1.522    110.400    180.000  0.51000     8
  12  O     O       11    8    4      1.229    120.500      0.000 -0.51000     9
DONE
NHID
   1  DUMM  DU       0   -1   -2      0.000      0.000      0.000  0.00000     0
   2  DUMM  DU       1    0   -1      1.449      0.000      0.000  0.00000     0
   3  DUMM  DU       2    1    0      1.522    111.100      0.000  0.00000     0
   4  N     NH3      3    2    1      1.335    116.600    180.000 -0.30000     1
   5  H1    HC       4    3    2      1.010    130.000      0.000  0.33000     2
   6  H2    HC       4    3    2      1.010     60.000     90.000  0.33000     3
   7  H3    HC       4    3    2      1.010     60.000    -90.000  0.33000     4
   8  CA    CT1      4    3    2      1.449    121.900    180.000  0.21000     5
   9  HA    HB       8    4    3      1.090    109.500    300.000  0.10000     6
  10  CB    CT2      8    4    3      1.525    111.100     60.000 -0.09000     7
  11  HB2   HA      10    8    4      1.090    109.500    300.000  0.09000     8
  12  HB3   HA      10    8    4      1.090    109.500     60.000  0.09000     9
  13  CG    CPH1    10    8    4      1.510    115.000    180.000 -0.05000    10
  14  ND1   NR1     13   10    8      1.390    122.000    180.000 -0.36000    11
  15  HD1   H       14   13   10      1.010    126.000      0.000  0.32000    12
  16  CE1   CPH2    14   13   10      1.320    108.000    180.000  0.25000    13
  17  HE1   HR1     16   14   13      1.090    120.000    180.000  0.13000    14
  18  NE2   NR2     16   14   13      1.310    109.000      0.000 -0.70000    15
  19  CD2   CPH1    18   16   14      1.360    110.000      0.000  0.22000    16
  20  HD2   HR3     19   18   16      1.090    120.000    180.000  0.10000    17
  21  C     C        8    4    3      1.522    111.100    180.000  0.51000    18
  22  O     O       21    8    4      1.229    120.500      0.000 -0.51000    19
DONE
NHIE
   1  DUMM  DU       0   -1   -2      0.000      0.000      0.000  0.00000     0
   2  DUMM  DU       1    0   -1      1.449      0.000      0.000  0.00000     0
   3  DUMM  DU       2    1    0      1.522    111.100      0.000  0.00000     0
   4  N     NH3      3    2    1      1.335    116.600    180.000 -0.30000     1
   5  H1    HC       4    3    2      1.010    130.000      0.000  0.33000     2
   6  H2    HC       4    3    2      1.010     60.000     90.000  0.33000     3
   7  H3    HC       4    3    2      1.010     60.000    -90.000  0.33000     4
   8  CA    CT1      4    3    2      1.449    121.900    180.000  0.21000     5
   9  HA    HB       8    4    3      1.090    109.500    300.000  0.10000     6
  10  CB    CT2      8    4    3      1.525    111.100     60.000 -0.08000     7
  11  HB2   HA      10    8    4      1.090    109.500    300.000  0.09000     8
  12  HB3   HA      10    8    4      1.090    109.500     60.000  0.09000     9
  13  CG    CPH1    10    8    4      1.510    115.000    180.000  0.22000    10
  14  ND1   NR2     13   10    8      1.390    122.000    180.000 -0.70000    11
  15  CE1   CPH2    14   13   10      1.320    108.000    180.000  0.25000    12
  16  HE1   HR1     15   14   13      1.090    120.000    180.000  0.13000    13
  17  NE2   NR1     15   14   13      1.310    109.000      0.000 -0.36000    14
  18  HE2   H       17   15   14      1.010    125.000    180.000  0.32000    15
  19  CD2   CPH1    17   15   14      1.360    110.000      0.000 -0.05000    16
  20  HD2   HR3     19   17   15      1.090    120.000    180.000  0.09000    17
  21  C     C        8    4    3      1.522    111.100    180.000  0.51000    18
  22  O     O       21    8    4      1.229    120.500      0.000 -0.51000    19
DONE
NHIP
   1  DUMM  DU       0   -1   -2      0.000      0.000      0.000  0.00000     0
   2  DUMM  DU       1    0   -1      1.449      0.000      0.000  0.00000     0
   3  DUMM  DU       2    1    0      1.522    111.100      0.000  0.00000     0
   4  N     NH3      3    2    1      1.335    116.600    180.000 -0.30000     1
   5  H1    HC       4    3    2      1.010    130.000      0.000  0.33000     2
   6  H2    HC       4    3    2      1.010     60.000     90.000  0.33000     3
   7  H3    HC       4    3    2      1.010     60.000    -90.000  0.33000     4
   8  CA    CT1      4    3    2      1.449    121.900    180.000  0.21000     5
   9  HA    HB       8    4    3      1.090    109.500    300.000  0.10000     6
  10  CB    CT2      8    4    3      1.525    111.100     60.000 -0.05000     7
  11  HB2   HA      10    8    4      1.090    109.500    300.000  0.09000     8
  12  HB3   HA      10    8    4      1.090    109.500     60.000  0.09000     9
  13  CG    CPH1    10    8    4      1.510    115.000    180.000  0.19000    10
  14  ND1   NR3     13   10    8      1.390    122.000    180.000 -0.51000    11
  15  HD1   H       14   13   10      1.010    126.000      0.000  0.44000    12
  16  CE1   CPH2    14   13   10      1.320    108.000    180.000  0.32000    13
  17  HE1   HR2     16   14   13      1.090    120.000    180.000  0.18000    14
  18  NE2   NR3     16   14   13      1.310    109.000      0.000 -0.51000    15
  19  HE2   H       18   16   14      1.010    125.000    180.000  0.44000    16
  20  CD2   CPH1    18   16   14      1.360    110.000      0.000  0.19000    17
  21  HD2   HR1     20   18   16      1.090    120.000    180.000  0.13000    18
  22  C     C        8    4    3      1.522    111.100    180.000  0.51000    19
  23  O     O       22    8    4      1.229    120.500      0.000 -0.51000    20
DONE
NILE
   1  DUMM  DU       0   -1   -2      0.000      0.000      0.000  0.00000     0
   2  DUMM  DU       1    0   -1      1.449      0.000      0.000  0.00000     0
   3  DUMM  DU       2    1    0      1.522    111.100      0.000  0.00000     0
   4  N     NH3      3    2    1      1.335    116.600    180.000 -0.30000     1
   5  H1    HC       4    3    2      1.010    130.000      0.000  0.33000     2
   6  H2    HC       4    3    2      1.010     60.000     90.000  0.33000     3
   7  H3    HC       4    3    2      1.010     60.000    -90.000  0.33000     4
   8  CA    CT1      4    3    2      1.449    121.900    180.000  0.21000     5
   9  HA    HB       8    4    3      1.090    109.500    300.000  0.10000     6
  10  CB    CT1      8    4    3      1.525    109.470     60.000 -0.09000     7
  11  HB    HA      10    8    4      1.090    109.500    300.000  0.09000     8
  12  CG2   CT3     10    8    4      1.525    109.470     60.000 -0.27000     9
  13  HG21  HA      12   10    8      1.090    109.500     60.000  0.09000    10
  14  HG22  HA      12   10    8      1.090    109.500    180.000  0.09000    11
  15  HG23  HA      12   10    8      1.090    109.500    300.000  0.09000    12
  16  CG1   CT2     10    8    4      1.525    109.470    180.000 -0.18000    13
  17  HG12  HA      16   10    8      1.090    109.500    300.000  0.09000    14
  18  HG13  HA      16   10    8      1.090    109.500     60.000  0.09000    15
  19  CD1   CT3     16   10    8      1.525    109.470    180.000 -0.27000    16
  20  HD11  HA      19   16   10      1.090    109.500     60.000  0.09000    17
  21  HD12  HA      19   16   10      1.090    109.500    180.000  0.09000    18
  22  HD13  HA      19   16   10      1.090    109.500    300.000  0.09000    19
  23  C     C        8    4    3      1.522    111.100    180.000  0.51000    20
  24  O     O       23    8    4      1.229    120.500      0.000 -0.51000    21
DONE
NLEU
   1  DUMM  DU       0   -1   -2      0.000      0.000      0.000  0.00000     0
   2  DUMM  DU       1    0   -1      1.449      0.000      0.000  0.00000     0
   3  DUMM  DU       2    1    0      1.522    111.100      0.000  0.00000     0
   4  N     NH3      3    2    1      1.335    116.600    180.000 -0.30000     1
   5  H1    HC       4    3    2      1.010    130.000      0.000  0.33000     2
   6  H2    HC       4    3    2      1.010     60.000     90.000  0.33000     3
   7  H3    HC       4    3    2      1.010     60.000    -90.000  0.33000     4
   8  CA    CT1      4    3    2      1.449    121.900    180.000  0.21000     5
   9  HA    HB       8    4    3      1.090    109.500    300.000  0.10000     6
  10  CB    CT2      8    4    3      1.525    111.100     60.000 -0.18000     7
  11  HB2   HA      10    8    4      1.090    109.500    300.000  0.09000     8
  12  HB3   HA      10    8    4      1.090    109.500     60.000  0.09000     9
  13  CG    CT1     10    8    4      1.525    109.470    180.000 -0.09000    10
  14  HG    HA      13   10    8      1.090    109.500    300.000  0.09000    11
  15  CD1   CT3     13   10    8      1.525    109.470     60.000 -0.27000    12
  16  HD11  HA      15   13   10      1.090    109.500     60.000  0.09000    13
  17  HD12  HA      15   13   10      1.090    109.500    180.000  0.09000    14
  18  HD13  HA      15   13   10      1.090    109.500    300.000  0.09000    15
  19  CD2   CT3     13   10    8      1.525    109.470    180.000 -0.27000    16
  20  HD21  HA      19   13   10      1.090    109.500     60.000  0.09000    17
  21  HD22  HA      19   13   10      1.090    109.500    180.000  0.09000    18
  22  HD23  HA      19   13   10      1.090    109.500    300.000  0.09000    19
  23  C     C        8    4    3      1.522    111.100    180.000  0.51000    20
  24  O     O       23    8    4      1.229    120.500      0.000 -0.51000    21
DONE
NLYS
   1  DUMM  DU       0   -1   -2      0.000      0.000      0.000  0.00000     0
   2  DUMM  DU       1    0   -1      1.449      0.000      0.000  0.00000     0
   3  DUMM  DU       2    1    0      1.522    111.100      0.000  0.00000     0
   4  N     NH3      3    2    1      1.335    116.600    180.000 -0.30000     1
   5  H1    HC       4    3    2      1.010    130.000      0.000  0.33000     2
   6  H2    HC       4    3    2      1.010     60.000     90.000  0.33000     3
   7  H3    HC       4    3    2      1.010     60.000    -90.000  0.33000     4
   8  CA    CT1      4    3    2      1.449    121.900    180.000  0.21000     5
   9  HA    HB       8    4    3      1.090    109.500    300.000  0.10000     6
  10  CB    CT2      8    4    3      1.525    111.100     60.000 -0.18000     7
  11  HB2   HA      10    8    4      1.090    109.500    300.000  0.09000     8
  12  HB3   HA      10    8    4      1.090    109.500     60.000  0.09000     9
  13  CG    CT2     10    8    4      1.525    109.470    180.000 -0.18000    10
  14  HG2   HA      13   10    8      1.090    109.500    300.000  0.09000    11
  15  HG3   HA      13   10    8      1.090    109.500     60.000  0.09000    12
  16  CD    CT2     13   10    8      1.525    109.470    180.000 -0.18000    13
  17  HD2   HA      16   13   10      1.090    109.500    300.000  0.09000    14
  18  HD3   HA      16   13   10      1.090    109.500     60.000  0.09000    15
  19  CE    CT2     16   13   10      1.525    109.470    180.000  0.21000    16
  20  HE2   HA      19   16   13      1.090    109.500    300.000  0.05000    17
  21  HE3   HA      19   16   13      1.090    109.500     60.000  0.05000    18
  22  NZ    NH3     19   16   13      1.470    109.470    180.000 -0.30000    19
  23  HZ1   HC      22   19   16      1.010    109.470     60.000  0.33000    20
  24  HZ2   HC      22   19   16      1.010    109.470    180.000  0.33000    21
  25  HZ3   HC      22   19   16      1.010    109.470    300.000  0.33000    22
  26  C     C        8    4    3      1.522    111.100    180.000  0.51000    23
  27  O     O       26    8    4      1.229    120.500      0.000 -0.51000    24
DONE
NLYN
   1  DUMM  DU       0   -1   -2      0.000      0.000      0.000  0.00000     0
   2  DUMM  DU       1    0   -1      1.449      0.000      0.000  0.00000     0
   3  DUMM  DU       2    1    0      1.522    111.100      0.000  0.00000     0
   4  N     NH3      3    2    1      1.335    116.600    180.000 -0.30000     1
   5  H1    HC       4    3    2      1.010    130.000      0.000  0.33000     2
   6  H2    HC       4    3    2      1.010     60.000     90.000  0.33000     3
   7  H3    HC       4    3    2      1.010     60.000    -90.000  0.33000     4
   8  CA    CT1      4    3    2      1.449    121.900    180.000  0.21000     5
   9  HA    HB       8    4    3      1.090    109.500    300.000  0.10000     6
  10  CB    CT2      8    4    3      1.525    111.100     60.000 -0.18000     7
  11  HB2   HA      10    8    4      1.090    109.500    300.000  0.09000     8
  12  HB3   HA      10    8    4      1.090    109.500     60.000  0.09000     9
  13  CG    CT2     10    8    4      1.525    109.470    180.000 -0.18000    10
  14  HG2   HA      13   10    8      1.090    109.500    300.000  0.09000    11
  15  HG3   HA      13   10    8      1.090    109.500     60.000  0.09000    12
  16  CD    CT2     13   10    8      1.525    109.470    180.000 -0.18000    13
  17  HD2   HA      16   13   10      1.090    109.500    300.000  0.09000    14
  18  HD3   HA      16   13   10      1.090    109.500     60.000  0.09000    15
  19  CE    CT2     16   13   10      1.525    109.470    180.000  0.13000    16
  20  HE2   HA      19   16   13      1.090    109.500    300.000  0.07500    17
  21  HE3   HA      19   16   13      1.090    109.500     60.000  0.07500    18
  22  NZ    NH2     19   16   13      1.470    109.470    180.000 -0.96000    19
  23  HZ2   HC      22   19   16      1.010    109.470    180.000  0.34000    20
  24  HZ3   HC      22   19   16      1.010    109.470    300.000  0.34000    21
  25  C     C        8    4    3      1.522    111.100    180.000  0.51000    22
  26  O     O       25    8    4      1.229    120.500      0.000 -0.51000    23
DONE
NMET
   1  DUMM  DU       0   -1   -2      0.000      0.000      0.000  0.00000     0
   2  DUMM  DU       1    0   -1      1.449      0.000      0.000  0.00000     0
   3  DUMM  DU       2    1    0      1.522    111.100      0.000  0.00000     0
   4  N     NH3      3    2    1      1.335    116.600    180.000 -0.30000     1
   5  H1    HC       4    3    2      1.010    130.000      0.000  0.33000     2
   6  H2    HC       4    3    2      1.010     60.000     90.000  0.33000     3
   7  H3    HC       4    3    2      1.010     60.000    -90.000  0.33000     4
   8  CA    CT1      4    3    2      1.449    121.900    180.000  0.21000     5
   9  HA    HB       8    4    3      1.090    109.500    300.000  0.10000     6
  10  CB    CT2      8    4    3      1.525    111.100     60.000 -0.18000     7
  11  HB2   HA      10    8    4      1.090    109.500    300.000  0.09000     8
  12  HB3   HA      10    8    4      1.090    109.500     60.000  0.09000     9
  13  CG    CT2     10    8    4      1.525    109.470    180.000 -0.14000    10
  14  HG2   HA      13   10    8      1.090    109.500    300.000  0.09000    11
  15  HG3   HA      13   10    8      1.090    109.500     60.000  0.09000    12
  16  SD    S       13   10    8      1.810    110.000    180.000 -0.09000    13
  17  CE    CT3     16   13   10      1.780    100.000    180.000 -0.22000    14
  18  HE1   HA      17   16   13      1.090    109.500     60.000  0.09000    15
  19  HE2   HA      17   16   13      1.090    109.500    180.000  0.09000    16
  20  HE3   HA      17   16   13      1.090    109.500    300.000  0.09000    17
  21  C     C        8    4    3      1.522    111.100    180.000  0.51000    18
  22  O     O       21    8    4      1.229    120.500      0.000 -0.51000    19
DONE
NPHE
   1  DUMM  DU       0   -1   -2      0.000      0.000      0.000  0.00000     0
   2  DUMM  DU       1    0   -1      1.449      0.000      0.000  0.00000     0
   3  DUMM  DU       2    1    0      1.522    111.100      0.000  0.00000     0
   4  N     NH3      3    2    1      1.335    116.600    180.000 -0.30000     1
   5  H1    HC       4    3    2      1.010    130.000      0.000  0.33000     2
   6  H2    HC       4    3    2      1.010     60.000     90.000  0.33000     3
   7  H3    HC       4    3    2      1.010     60.000    -90.000  0.33000     4
   8  CA    CT1      4    3    2      1.449    121.900    180.000  0.21000     5
   9  HA    HB       8    4    3      1.090    109.500    300.000  0.10000     6
  10  CB    CT2      8    4    3      1.525    111.100     60.000 -0.18000     7
  11  HB2   HA      10    8    4      1.090    109.500    300.000  0.09000     8
  12  HB3   HA      10    8    4      1.090    109.500     60.000  0.09000     9
  13  CG    CA      10    8    4      1.510    115.000    180.000  0.00000    10
  14  CD1   CA      13   10    8      1.400    120.000    180.000 -0.11500    11
  15  HD1   HP      14   13   10      1.090    120.000      0.000  0.11500    12
  16  CE1   CA      14   13   10      1.400    120.000    180.000 -0.11500    13
  17  HE1   HP      16   14   13      1.090    120.000    180.000  0.11500    14
  18  CZ    CA      16   14   13      1.400    120.000      0.000 -0.11500    15
  19  HZ    HP      18   16   14      1.090    120.000    180.000  0.11500    16
  20  CE2   CA      18   16   14      1.400    120.000      0.000 -0.11500    17
  21  HE2   HP      20   18   16      1.090    120.000    180.000  0.11500    18
  22  CD2   CA      20   18   16      1.400    120.000      0.000 -0.11500    19
  23  HD2   HP      22   20   18      1.090    120.000    180.000  0.11500    20
  24  C     C        8    4    3      1.522    111.100    180.000  0.51000    21
  25  O     O       24    8    4      1.229    120.500      0.000 -0.51000    22
DONE
NPRO
   1  DUMM  DU       0   -1   -2      0.000      0.000      0.000  0.00000     0
   2  DUMM  DU       1    0   -1      1.449      0.000      0.000  0.00000     0
   3  DUMM  DU       2    1    0      1.522    111.100      0.000  0.00000     0
   4  N     NP       3    2    1      1.337    117.000    180.000 -0.07000     1
   5  H2    HC       4    3    2      1.010     84.000     60.000  0.24000     2
   6  H3    HC       4    3    2      1.010     24.000   -120.000  0.24000     3
   7  CA    CP1      4    3    2      1.451    120.600    175.200  0.16000     4
   8  HA    HB       7    4    3      1.090    109.500     60.000  0.09000     5
   9  CB    CP2      7    4    3      1.510    108.900    172.630 -0.18000     6
  10  HB2   HA       9    7    4      1.090    109.500     86.900  0.09000     7
  11  HB3   HA       9    7    4      1.090    109.500    208.120  0.09000     8
  12  CG    CP2      9    7    4      1.500     99.260    318.500 -0.18000     9
  13  HG2   HA      12    9    7      1.090    109.500    158.200  0.09000    10
  14  HG3   HA      12    9    7      1.090    109.500    280.400  0.09000    11
  15  CD    CP3     12    9    7      1.500    106.050     39.200  0.16000    12
  16  HD2   HA      15   12    9      1.090    109.500     96.220  0.09000    13
  17  HD3   HA      15   12    9      1.090    109.500    220.400  0.09000    14
  18  C     C        7    4    3      1.522    109.500    315.000  0.51000    15
  19  O     O       18    7    4      1.229    120.500      0.000 -0.51000    16
DONE
NSER
   1  DUMM  DU       0   -1   -2      0.000      0.000      0.000  0.00000     0
   2  DUMM  DU       1    0   -1      1.449      0.000      0.000  0.00000     0
   3  DUMM  DU       2    1    0      1.522    111.100      0.000  0.00000     0
   4  N     NH3      3    2    1      1.335    116.600    180.000 -0.30000     1
   5  H1    HC       4    3    2      1.010    130.000      0.000  0.33000     2
   6  H2    HC       4    3    2      1.010     60.000     90.000  0.33000     3
   7  H3    HC       4    3    2      1.010     60.000    -90.000  0.33000     4
   8  CA    CT1      4    3    2      1.449    121.900    180.000  0.21000     5
   9  HA    HB       8    4    3      1.090    109.500    300.000  0.10000     6
  10  CB    CT2      8    4    3      1.525    111.100     60.000  0.05000     7
  11  HB2   HA      10    8    4      1.090    109.500    300.000  0.09000     8
  12  HB3   HA      10    8    4      1.090    109.500     60.000  0.09000     9
  13  OG    OH1     10    8    4      1.430    109.470    180.000 -0.66000    10
  14  HG    H       13   10    8      0.960    109.470    180.000  0.43000    11
  15  C     C        8    4    3      1.522    111.100    180.000  0.51000    12
  16  O     O       15    8    4      1.229    120.500      0.000 -0.51000    13
DONE
NTHR
   1  DUMM  DU       0   -1   -2      0.000      0.000      0.000  0.00000     0
   2  DUMM  DU       1    0   -1      1.449      0.000      0.000  0.00000     0
   3  DUMM  DU       2    1    0      1.522    111.100      0.000  0.00000     0
   4  N     NH3      3    2    1      1.335    116.600    180.000 -0.30000     1
   5  H1    HC       4    3    2      1.010    130.000      0.000  0.33000     2
   6  H2    HC       4    3    2      1.010     60.000     90.000  0.33000     3
   7  H3    HC       4    3    2      1.010     60.000    -90.000  0.33000     4
   8  CA    CT1      4    3    2      1.449    121.900    180.000  0.21000     5
   9  HA    HB       8    4    3      1.090    109.500    300.000  0.10000     6
  10  CB    CT1      8    4    3      1.525    111.100     60.000  0.14000     7
  11  HB    HA      10    8    4      1.090    109.500    180.000  0.09000     8
  12  CG2   CT3     10    8    4      1.525    109.470    300.000 -0.27000     9
  13  HG21  HA      12   10    8      1.090    109.500     60.000  0.09000    10
  14  HG22  HA      12   10    8      1.090    109.500    180.000  0.09000    11
  15  HG23  HA      12   10    8      1.090    109.500    300.000  0.09000    12
  16  OG1   OH1     10    8    4      1.430    109.470     60.000 -0.66000    13
  17  HG1   H       16   10    8      0.960    109.470    180.000  0.43000    14
  18  C     C        8    4    3      1.522    111.100    180.000  0.51000    15
  19  O     O       18    8    4      1.229    120.500      0.000 -0.51000    16
DONE
NTRP
   1  DUMM  DU       0   -1   -2      0.000      0.000      0.000  0.00000     0
   2  DUMM  DU       1    0   -1      1.449      0.000      0.000  0.00000     0
   3  DUMM  DU       2    1    0      1.522    111.100      0.000  0.00000     0
   4  N     NH3      3    2    1      1.335    116.600    180.000 -0.30000     1
   5  H1    HC       4    3    2      1.010    130.000      0.000  0.33000     2
   6  H2    HC       4    3    2      1.010     60.000     90.000  0.33000     3
   7  H3    HC       4    3    2      1.010     60.000    -90.000  0.33000     4
   8  CA    CT1      4    3    2      1.449    121.900    180.000  0.21000     5
   9  HA    HB       8    4    3      1.090    109.500    300.000  0.10000     6
  10  CB    CT2      8    4    3      1.525    111.100     60.000 -0.18000     7
  11  HB2   HA      10    8    4      1.090    109.500    300.000  0.09000     8
  12  HB3   HA      10    8    4      1.090    109.500     60.000  0.09000     9
  13  CG    CY      10    8    4      1.510    115.000    180.000 -0.03000    10
  14  CD1   CA      13   10    8      1.340    127.000    180.000  0.03500    11
  15  HD1   HP      14   13   10      1.090    120.000      0.000  0.11500    12
  16  NE1   NY      14   13   10      1.430    107.000    180.000 -0.61000    13
  17  HE1   H       16   14   13      1.010    125.500    180.000  0.38000    14
  18  CE2   CPT     16   14   13      1.310    109.000      0.000  0.13000    15
  19  CZ2   CA      18   16   14      1.400    128.000    180.000 -0.11500    16
  20  HZ2   HP      19   18   16      1.090    120.000      0.000  0.11500    17
  21  CH2   CA      19   18   16      1.390    116.000    180.000 -0.11500    18
  22  HH2   HP      21   19   18      1.090    120.000    180.000  0.11500    19
  23  CZ3   CA      21   19   18      1.350    121.000      0.000 -0.11500    20
  24  HZ3   HP      23   21   19      1.090    120.000    180.000  0.11500    21
  25  CE3   CA      23   21   19      1.410    122.000      0.000 -0.11500    22
  26  HE3   HP      25   23   21      1.090    120.000    180.000  0.11500    23
  27  CD2   CPT     25   23   21      1.400    117.000      0.000 -0.02000    24
  28  C     C        8    4    3      1.522    111.100    180.000  0.51000    25
  29  O     O       28    8    4      1.229    120.500      0.000 -0.51000    26
DONE
NTYR
   1  DUMM  DU       0   -1   -2      0.000      0.000      0.000  0.00000     0
   2  DUMM  DU       1    0   -1      1.449      0.000      0.000  0.00000     0
   3  DUMM  DU       2    1    0      1.522    111.100      0.000  0.00000     0
   4  N     NH3      3    2    1      1.335    116.600    180.000 -0.30000     1
   5  H1    HC       4    3    2      1.010    130.000      0.000  0.33000     2
   6  H2    HC       4    3    2      1.010     60.000     90.000  0.33000     3
   7  H3    HC       4    3    2      1.010     60.000    -90.000  0.33000     4
   8  CA    CT1      4    3    2      1.449    121.900    180.000  0.21000     5
   9  HA    HB       8    4    3      1.090    109.500    300.000  0.10000     6
  10  CB    CT2      8    4    3      1.525    111.100     60.000 -0.18000     7
  11  HB2   HA      10    8    4      1.090    109.500    300.000  0.09000     8
  12  HB3   HA      10    8    4      1.090    109.500     60.000  0.09000     9
  13  CG    CA      10    8    4      1.510    109.470    180.000  0.00000    10
  14  CD1   CA      13   10    8      1.400    120.000    180.000 -0.11500    11
  15  HD1   HP      14   13   10      1.090    120.000      0.000  0.11500    12
  16  CE1   CA      14   13   10      1.400    120.000    180.000 -0.11500    13
  17  HE1   HP      16   14   13      1.090    120.000    180.000  0.11500    14
  18  CZ    CA      16   14   13      1.400    120.000      0.000  0.11000    15
  19  OH    OH1     18   16   14      1.360    120.000    180.000 -0.54000    16
  20  HH    H       19   18   16      0.960    113.000      0.000  0.43000    17
  21  CE2   CA      18   16   14      1.400    120.000      0.000 -0.11500    18
  22  HE2   HP      21   18   16      1.090    120.000    180.000  0.11500    19
  23  CD2   CA      21   18   16      1.400    120.000      0.000 -0.11500    20
  24  HD2   HP      23   21   18      1.090    120.000    180.000  0.11500    21
  25  C     C        8    4    3      1.522    111.100    180.000  0.51000    22
  26  O     O       25    8    4      1.229    120.500      0.000 -0.51000    23
DONE
NVAL
   1  DUMM  DU       0   -1   -2      0.000      0.000      0.000  0.00000     0
   2  DUMM  DU       1    0   -1      1.449      0.000      0.000  0.00000     0
   3  DUMM  DU       2    1    0      1.522    111.100      0.000  0.00000     0
   4  N     NH3      3    2    1      1.335    116.600    180.000 -0.30000     1
   5  H1    HC       4    3    2      1.010    130.000      0.000  0.33000     2
   6  H2    HC       4    3    2      1.010     60.000     90.000  0.33000     3
   7  H3    HC       4    3    2      1.010     60.000    -90.000  0.33000     4
   8  CA    CT1      4    3    2      1.449    121.900    180.000  0.21000     5
   9  HA    HB       8    4    3      1.090    109.500    300.000  0.10000     6
  10  CB    CT1      8    4    3      1.525    111.100     60.000 -0.09000     7
  11  HB    HA      10    8    4      1.090    109.500    300.000  0.09000     8
  12  CG1   CT3     10    8    4      1.525    109.470     60.000 -0.27000     9
  13  HG11  HA      12   10    8      1.090    109.500     60.000  0.09000    10
  14  HG12  HA      12   10    8      1.090    109.500    180.000  0.09000    11
  15  HG13  HA      12   10    8      1.090    109.500    300.000  0.09000    12
  16  CG2   CT3     10    8    4      1.525    109.470    180.000 -0.27000    13
  17  HG21  HA      16   10    8      1.090    109.500     60.000  0.09000    14
  18  HG22  HA      16   10    8      1.090    109.500    180.000  0.09000    15
  19  HG23  HA      16   10    8      1.090    109.500    300.000  0.09000    16
  20  C     C        8    4    3      1.522    111.100    180.000  0.51000    17
  21  O     O       20    8    4      1.229    120.500      0.000 -0.51000    18
DONE
