CALA 
   1  DUMM  DU      0   -1   -2      0.000      0.000      0.000  0.00000     0
   2  DUMM  DU      1    0   -1      0.000      0.000      0.000  0.00000     0
   3  DUMM  DU      2    1    0      0.000      0.000      0.000  0.00000     0
   4  N     NH1     3    2    1      1.335    116.600    180.000 -0.35000     1
   5  H     H       4    3    2      0.9996   119.800      0.000  0.25000     2
   6  CA    CH1E    4    3    2      1.449    121.900    180.000  0.10000     3
   7  CB    CH3E    6    4    3      1.525    111.100     60.000  0.00000     4
   8  C     C       6    4    3      1.522    111.100    180.000  0.14000     5
   9  O     OC      8    6    4      1.229    120.500      0.000 -0.57000     6
  10  OXT   OC      8    6    4      1.229    120.500    180.000 -0.57000     7
DONE
CGLY 
   1  DUMM  DU      0   -1   -2      0.000      0.000      0.000  0.00000     0
   2  DUMM  DU      1    0   -1      1.449      0.000      0.000  0.00000     0
   3  DUMM  DU      2    1    0      1.522    111.100      0.000  0.00000     0
   4  N     NH1     3    2    1      1.335    116.600    180.000 -0.35000     1
   5  H     H       4    3    2      1.010    119.800      0.000  0.25000     2
   6  CA    CH2E    4    3    2      1.449    121.900    180.000  0.10000     3
   7  C     C       6    4    3      1.522    110.400    180.000  0.14000     4
   8  O     OC      7    6    4      1.229    120.500      0.000 -0.57000     5
   9  OXT   OC      7    6    4      1.229    120.500    180.000 -0.57000     6
DONE
CSER 
   1  DUMM  DU      0   -1   -2      0.000      0.000      0.000  0.00000     0
   2  DUMM  DU      1    0   -1      1.449      0.000      0.000  0.00000     0
   3  DUMM  DU      2    1    0      1.522    111.100      0.000  0.00000     0
   4  N     NH1     3    2    1      1.335    116.600    180.000 -0.35000     1
   5  H     H       4    3    2      1.010    119.800      0.000  0.25000     2
   6  CA    CH1E    4    3    2      1.449    121.900    180.000  0.10000     3
   7  CB    CH2E    6    4    3      1.525    111.100     60.000  0.25000     4
   8  OG    OH1     7    6    4      1.430    109.470    180.000 -0.65000     5
   9  HG    H       8    7    6      0.960    109.470    180.000  0.40000     6
  10  C     C       6    4    3      1.522    111.100    180.000  0.14000     7
  11  O     OC     10    6    4      1.229    120.500      0.000 -0.57000     8
  12  OXT   OC     10    6    4      1.229    120.500    180.000 -0.57000     9
DONE
CTHR 
   1  DUMM  DU      0   -1   -2      0.000      0.000      0.000  0.00000     0
   2  DUMM  DU      1    0   -1      1.449      0.000      0.000  0.00000     0
   3  DUMM  DU      2    1    0      1.522    111.100      0.000  0.00000     0
   4  N     NH1     3    2    1      1.335    116.600    180.000 -0.35000     1
   5  H     H       4    3    2      1.010    119.800      0.000  0.25000     2
   6  CA    CH1E    4    3    2      1.449    121.900    180.000  0.10000     3
   7  CB    CH1E    6    4    3      1.525    111.100     60.000  0.25000     4
   8  CG2   CH3E    7    6    4      1.525    109.470    300.000  0.00000     5
   9  OG1   OH1     7    6    4      1.430    109.470     60.000 -0.65000     6
  10  HG1   H       9    7    6      0.960    109.470    180.000  0.40000     7
  11  C     C       6    4    3      1.522    111.100    180.000  0.14000     8
  12  O     OC     11    6    4      1.229    120.500      0.000 -0.57000     9
  13  OXT   OC     11    6    4      1.229    120.500    180.000 -0.57000    10
DONE
CLEU 
   1  DUMM  DU      0   -1   -2      0.000      0.000      0.000  0.00000     0
   2  DUMM  DU      1    0   -1      1.449      0.000      0.000  0.00000     0
   3  DUMM  DU      2    1    0      1.522    111.100      0.000  0.00000     0
   4  N     NH1     3    2    1      1.335    116.600    180.000 -0.35000     1
   5  H     H       4    3    2      1.010    119.800      0.000  0.25000     2
   6  CA    CH1E    4    3    2      1.449    121.900    180.000  0.10000     3
   7  CB    CH2E    6    4    3      1.525    111.100     60.000  0.00000     4
   8  CG    CH1E    7    6    4      1.525    109.470    180.000  0.00000     5
   9  CD1   CH3E    8    7    6      1.525    109.470     60.000  0.00000     6
  10  CD2   CH3E    8    7    6      1.525    109.470    180.000  0.00000     7
  11  C     C       6    4    3      1.522    111.100    180.000  0.14000     8
  12  O     OC     11    6    4      1.229    120.500      0.000 -0.57000     9
  13  OXT   OC     11    6    4      1.229    120.500    180.000 -0.57000    10
DONE
CILE 
   1  DUMM  DU      0   -1   -2      0.000      0.000      0.000  0.00000     0
   2  DUMM  DU      1    0   -1      1.449      0.000      0.000  0.00000     0
   3  DUMM  DU      2    1    0      1.522    111.100      0.000  0.00000     0
   4  N     NH1     3    2    1      1.335    116.600    180.000 -0.35000     1
   5  H     H       4    3    2      1.010    119.800      0.000  0.25000     2
   6  CA    CH1E    4    3    2      1.449    121.900    180.000  0.10000     3
   7  CB    CH1E    6    4    3      1.525    109.470     60.000  0.00000     4
   8  CG2   CH3E    7    6    4      1.525    109.470     60.000  0.00000     5
   9  CG1   CH2E    7    6    4      1.525    109.470    180.000  0.00000     6
  10  CD1   CH3E    9    7    6      1.525    109.470    180.000  0.00000     7
  11  C     C       6    4    3      1.522    111.100    180.000  0.14000     8
  12  O     OC     11    6    4      1.229    120.500      0.000 -0.57000     9
  13  OXT   OC     11    6    4      1.229    120.500    180.000 -0.57000    10
DONE
CVAL 
   1  DUMM  DU      0   -1   -2      0.000      0.000      0.000  0.00000     0
   2  DUMM  DU      1    0   -1      1.449      0.000      0.000  0.00000     0
   3  DUMM  DU      2    1    0      1.522    111.100      0.000  0.00000     0
   4  N     NH1     3    2    1      1.335    116.600    180.000 -0.35000     1
   5  H     H       4    3    2      1.010    119.800      0.000  0.25000     2
   6  CA    CH1E    4    3    2      1.449    121.900    180.000  0.10000     3
   7  CB    CH1E    6    4    3      1.525    111.100     60.000  0.00000     4
   8  CG1   CH3E    7    6    4      1.525    109.470     60.000  0.00000     5
   9  CG2   CH3E    7    6    4      1.525    109.470    180.000  0.00000     6
  10  C     C       6    4    3      1.522    111.100    180.000  0.14000     7
  11  O     OC     10    6    4      1.229    120.500      0.000 -0.57000     8
  12  OXT   OC     10    6    4      1.229    120.500    180.000 -0.57000     9
DONE
CASN 
   1  DUMM  DU      0   -1   -2      0.000      0.000      0.000  0.00000     0
   2  DUMM  DU      1    0   -1      1.449      0.000      0.000  0.00000     0
   3  DUMM  DU      2    1    0      1.522    111.100      0.000  0.00000     0
   4  N     NH1     3    2    1      1.335    116.600    180.000 -0.35000     1
   5  H     H       4    3    2      1.010    119.800      0.000  0.25000     2
   6  CA    CH1E    4    3    2      1.449    121.900    180.000  0.10000     3
   7  CB    CH2E    6    4    3      1.525    111.100     60.000  0.00000     4
   8  CG    C       7    6    4      1.522    111.100    180.000  0.55000     5
   9  OD1   O       8    7    6      1.229    120.500      0.000 -0.55000     6
  10  ND2   NH2     8    7    6      1.335    116.600    180.000 -0.60000     7
  11  HD21  H      10    8    7      1.010    119.800    180.000  0.30000     8
  12  HD22  H      10    8    7      1.010    119.800      0.000  0.30000     9
  13  C     C       6    4    3      1.522    111.100    180.000  0.14000    10
  14  O     OC     13    6    4      1.229    120.500      0.000 -0.57000    11
  15  OXT   OC     13    6    4      1.229    120.500    180.000 -0.57000    12
DONE
CGLN 
   1  DUMM  DU      0   -1   -2      0.000      0.000      0.000  0.00000     0
   2  DUMM  DU      1    0   -1      1.449      0.000      0.000  0.00000     0
   3  DUMM  DU      2    1    0      1.522    111.100      0.000  0.00000     0
   4  N     NH1     3    2    1      1.335    116.600    180.000 -0.35000     1
   5  H     H       4    3    2      1.010    119.800      0.000  0.25000     2
   6  CA    CH1E    4    3    2      1.449    121.900    180.000  0.10000     3
   7  CB    CH2E    6    4    3      1.525    111.100     60.000  0.00000     4
   8  CG    CH2E    7    6    4      1.525    109.470    180.000  0.00000     5
   9  CD    C       8    7    6      1.522    111.100    180.000  0.55000     6
  10  OE1   O       9    8    7      1.229    120.500      0.000 -0.55000     7
  11  NE2   NH2     9    8    7      1.335    116.600    180.000 -0.60000     8
  12  HE21  H      11    9    8      1.010    119.800    180.000  0.30000     9
  13  HE22  H      11    9    8      1.010    119.800      0.000  0.30000    10
  14  C     C       6    4    3      1.522    111.100    180.000  0.14000    11
  15  O     OC     14    6    4      1.229    120.500      0.000 -0.57000    12
  16  OXT   OC     14    6    4      1.229    120.500    180.000 -0.57000    13
DONE
CARG 
   1  DUMM  DU      0   -1   -2      0.000      0.000      0.000  0.00000     0
   2  DUMM  DU      1    0   -1      1.449      0.000      0.000  0.00000     0
   3  DUMM  DU      2    1    0      1.522    111.100      0.000  0.00000     0
   4  N     NH1     3    2    1      1.335    116.600    180.000 -0.35000     1
   5  H     H       4    3    2      1.010    119.800      0.000  0.25000     2
   6  CA    CH1E    4    3    2      1.449    121.900    180.000  0.10000     3
   7  CB    CH2E    6    4    3      1.525    111.100     60.000  0.00000     4
   8  CG    CH2E    7    6    4      1.525    109.470    180.000  0.00000     5
   9  CD    CH2E    8    7    6      1.525    109.470    180.000  0.10000     6
  10  NE    NH1     9    8    7      1.480    111.000    180.000 -0.40000     7
  11  HE    H      10    9    8      1.010    118.500      0.000  0.30000     8
  12  CZ    C      10    9    8      1.330    123.000    180.000  0.50000     9
  13  NH1   NC2    12   10    9      1.330    122.000      0.000 -0.45000    10
  14  HH11  HC     13   12   10      1.010    119.800      0.000  0.35000    11
  15  HH12  HC     13   12   10      1.010    119.800    180.000  0.35000    12
  16  NH2   NC2    12   10    9      1.330    118.000    180.000 -0.45000    13
  17  HH21  HC     16   12   10      1.010    119.800      0.000  0.35000    14
  18  HH22  HC     16   12   10      1.010    119.800    180.000  0.35000    15
  19  C     C       6    4    3      1.522    111.100    180.000  0.14000    16
  20  O     OC     19    6    4      1.229    120.500      0.000 -0.57000    17
  21  OXT   OC     19    6    4      1.229    120.500    180.000 -0.57000    18
DONE
CHID 
   1  DUMM  DU      0   -1   -2      0.000      0.000      0.000  0.00000     0
   2  DUMM  DU      1    0   -1      1.449      0.000      0.000  0.00000     0
   3  DUMM  DU      2    1    0      1.522    111.100      0.000  0.00000     0
   4  N     NH1     3    2    1      1.335    116.600    180.000 -0.35000     1
   5  H     H       4    3    2      1.010    119.800      0.000  0.25000     2
   6  CA    CH1E    4    3    2      1.449    121.900    180.000  0.10000     3
   7  CB    CH2E    6    4    3      1.525    111.100     60.000  0.00000     4
   8  CG    C       7    6    4      1.510    115.000    180.000  0.40000     5
   9  ND1   NH1     8    7    6      1.390    122.000    180.000 -0.40000     6
  10  CE1   CR1E    9    8    7      1.320    108.000    180.000  0.30000     7
  11  NE2   NR     10    9    8      1.310    109.000      0.000 -0.40000     8
  12  CD2   CR1E   11   10    8      1.360    110.000      0.000  0.10000     9
  13  C     C       6    4    3      1.522    111.100    180.000  0.14000    10
  14  O     OC     13    6    4      1.229    120.500      0.000 -0.57000    11
  15  OXT   OC     13    6    4      1.229    120.500      0.000 -0.57000    12
DONE
CTRP 
   1  DUMM  DU      0   -1   -2      0.000      0.000      0.000  0.00000     0
   2  DUMM  DU      1    0   -1      1.449      0.000      0.000  0.00000     0
   3  DUMM  DU      2    1    0      1.522    111.100      0.000  0.00000     0
   4  N     NH1     3    2    1      1.335    116.600    180.000 -0.35000     1
   5  H     H       4    3    2      1.010    119.800      0.000  0.25000     2
   6  CA    CH1E    4    3    2      1.449    121.900    180.000  0.10000     3
   7  CB    CH2E    6    4    3      1.525    111.100     60.000  0.00000     4
   8  CG    C       7    6    4      1.510    115.000    180.000 -0.03000     5
   9  CD1   CR1E    8    7    6      1.340    127.000    180.000  0.06000     6
  10  NE1   NH1     9    8    7      1.430    107.000    180.000 -0.36000     7
  11  HE1   H      10    9    8      1.010    125.500    180.000  0.30000     8
  12  CE2   C      10    9    8      1.310    109.000      0.000 -0.04000     9
  13  CZ2   CR1E   12   10    9      1.400    128.000    180.000  0.00000    10
  14  CH2   CR1E   13   12   10      1.390    116.000    180.000  0.00000    11
  15  CZ3   CR1E   14   13   12      1.350    121.000      0.000  0.00000    12
  16  CE3   CR1E   15   14   13      1.410    122.000      0.000 -0.03000    13
  17  CD2   C      16   15   14      1.400    117.000      0.000  0.10000    14
  18  C     C       6    4    3      1.522    111.100    180.000  0.14000    15
  19  O     OC     18    6    4      1.229    120.500      0.000 -0.57000    16
  20  OXT   OC     18    6    4      1.229    120.500    180.000 -0.57000    17
DONE
CPHE 
   1  DUMM  DU      0   -1   -2      0.000      0.000      0.000  0.00000     0
   2  DUMM  DU      1    0   -1      1.449      0.000      0.000  0.00000     0
   3  DUMM  DU      2    1    0      1.522    111.100      0.000  0.00000     0
   4  N     NH1     3    2    1      1.335    116.600    180.000 -0.35000     1
   5  H     H       4    3    2      1.010    119.800      0.000  0.25000     2
   6  CA    CH1E    4    3    2      1.449    121.900    180.000  0.10000     3
   7  CB    CH2E    6    4    3      1.525    111.100     60.000  0.00000     4
   8  CG    C       7    6    4      1.510    115.000    180.000  0.00000     5
   9  CD1   CR1E    8    7    6      1.400    120.000    180.000  0.00000     6
  10  CE1   CR1E    9    8    7      1.400    120.000    180.000  0.00000     7
  11  CZ    CR1E   10    9    8      1.400    120.000      0.000  0.00000     8
  12  CE2   CR1E   11   10    9      1.400    120.000      0.000  0.00000     9
  13  CD2   CR1E   12   11   10      1.400    120.000      0.000  0.00000    10
  14  C     C       6    4    3      1.522    111.100    180.000  0.14000    11
  15  O     OC     14    6    4      1.229    120.500      0.000 -0.57000    12
  16  OXT   OC     14    6    4      1.229    120.500    180.000 -0.57000    13
DONE
CTYR 
   1  DUMM  DU      0   -1   -2      0.000      0.000      0.000  0.00000     0
   2  DUMM  DU      1    0   -1      1.449      0.000      0.000  0.00000     0
   3  DUMM  DU      2    1    0      1.522    111.100      0.000  0.00000     0
   4  N     NH1     3    2    1      1.335    116.600    180.000 -0.35000     1
   5  H     H       4    3    2      1.010    119.800      0.000  0.25000     2
   6  CA    CH1E    4    3    2      1.449    121.900    180.000  0.10000     3
   7  CB    CH2E    6    4    3      1.525    111.100     60.000  0.00000     4
   8  CG    C       7    6    4      1.510    109.470    180.000  0.00000     5
   9  CD1   CR1E    8    7    6      1.400    120.000    180.000  0.00000     6
  10  CE1   CR1E    9    8    7      1.400    120.000    180.000  0.00000     7
  11  CZ    C      10    9    8      1.400    120.000      0.000  0.25000     8
  12  OH    OH1    11   10    9      1.360    120.000    180.000 -0.65000     9
  13  HH    H      12   11   10      0.960    113.000      0.000  0.40000    10
  14  CE2   CR1E   11   10    9      1.400    120.000      0.000  0.00000    11
  15  CD2   CR1E   14   11   10      1.400    120.000      0.000  0.00000    12
  16  C     C       6    4    3      1.522    111.100    180.000  0.14000    13
  17  O     OC     16    6    4      1.229    120.500      0.000 -0.57000    14
  18  OXT   OC     16    6    4      1.229    120.500    180.000 -0.57000    15
DONE
CGLU 
   1  DUMM  DU      0   -1   -2      0.000      0.000      0.000  0.00000     0
   2  DUMM  DU      1    0   -1      1.449      0.000      0.000  0.00000     0
   3  DUMM  DU      2    1    0      1.522    111.100      0.000  0.00000     0
   4  N     NH1     3    2    1      1.335    116.600    180.000 -0.35000     1
   5  H     H       4    3    2      1.010    119.800      0.000  0.25000     2
   6  CA    CH1E    4    3    2      1.449    121.900    180.000  0.10000     3
   7  CB    CH2E    6    4    3      1.525    111.100     60.000  0.00000     4
   8  CG    CH2E    7    6    4      1.510    109.470    180.000 -0.16000     5
   9  CD    C       8    7    6      1.527    109.470    180.000  0.36000     6
  10  OE1   OC      9    8    7      1.260    117.200     90.000 -0.60000     7
  11  OE2   OC      9    8    7      1.260    117.200    270.000 -0.60000     8
  12  C     C       6    4    3      1.522    111.100    180.000  0.14000     9
  13  O     OC     12    6    4      1.229    120.500      0.000 -0.57000    10
  14  OXT   OC     12    6    4      1.229    120.500    180.000 -0.57000    11
DONE
CASP 
   1  DUMM  DU      0   -1   -2      0.000      0.000      0.000  0.00000     0
   2  DUMM  DU      1    0   -1      1.449      0.000      0.000  0.00000     0
   3  DUMM  DU      2    1    0      1.522    111.100      0.000  0.00000     0
   4  N     NH1     3    2    1      1.335    116.600    180.000 -0.35000     1
   5  H     H       4    3    2      1.010    119.800      0.000  0.25000     2
   6  CA    CH1E    4    3    2      1.449    121.900    180.000  0.10000     3
   7  CB    CH2E    6    4    3      1.525    111.100     60.000 -0.16000     4
   8  CG    C       7    6    4      1.527    109.470    180.000  0.36000     5
   9  OD1   OC      8    7    6      1.260    117.200     90.000 -0.60000     6
  10  OD2   OC      8    7    6      1.260    117.200    270.000 -0.60000     7
  11  C     C       6    4    3      1.522    111.100    180.000  0.14000     8
  12  O     OC     11    6    4      1.229    120.500      0.000 -0.57000     9
  13  OXT   OC     11    6    4      1.229    120.500    180.000 -0.57000    10
DONE
CLYS 
   1  DUMM  DU      0   -1   -2      0.000      0.000      0.000  0.00000     0
   2  DUMM  DU      1    0   -1      1.449      0.000      0.000  0.00000     0
   3  DUMM  DU      2    1    0      1.522    111.100      0.000  0.00000     0
   4  N     NH1     3    2    1      1.335    116.600    180.000 -0.35000     1
   5  H     H       4    3    2      1.010    119.800      0.000  0.25000     2
   6  CA    CH1E    4    3    2      1.449    121.900    180.000  0.10000     3
   7  CB    CH2E    6    4    3      1.525    111.100     60.000  0.00000     4
   8  CG    CH2E    7    6    4      1.525    109.470    180.000  0.00000     5
   9  CD    CH2E    8    7    6      1.525    109.470    180.000  0.00000     6
  10  CE    CH2E    9    8    7      1.525    109.470    180.000  0.25000     7
  11  NZ    NH3    10    9    8      1.470    109.470    180.000 -0.30000     8
  12  HZ1   HC     11   10    9      1.010    109.470     60.000  0.35000     9
  13  HZ2   HC     11   10    9      1.010    109.470    180.000  0.35000    10
  14  HZ3   HC     11   10    9      1.010    109.470    300.000  0.35000    11
  15  C     C       6    4    3      1.522    111.100    180.000  0.14000    12
  16  O     OC     15    6    4      1.229    120.500      0.000 -0.57000    13
  17  OXT   OC     15    6    4      1.229    120.500    180.000 -0.57000    14
DONE
CPRO 
   1  DUMM  DU      0   -1   -2      0.000      0.000      0.000  0.00000     0
   2  DUMM  DU      1    0   -1      1.449      0.000      0.000  0.00000     0
   3  DUMM  DU      2    1    0      1.522    111.100      0.000  0.00000     0
   4  N     N       3    2    1      1.337    117.000    180.000 -0.20000     1
   5  CA    CH1E    4    3    2      1.451    120.600    175.200  0.10000     2
   6  CB    CH2E    5    4    3      1.510    108.900    172.630  0.00000     3
   7  CG    CH2E    6    5    4      1.500     99.260    318.500  0.00000     4
   8  CD    CH2E    7    6    5      1.500    106.050     39.200  0.10000     5
   9  C     C       5    4    3      1.522    109.500    315.000  0.14000     6
  10  O     OC      9    5    4      1.229    120.500      0.000 -0.57000     7
  11  OXT   OC      9    5    4      1.229    120.500    180.000 -0.57000     8
DONE
CCYS 
   1  DUMM  DU      0   -1   -2      0.000      0.000      0.000  0.00000     0
   2  DUMM  DU      1    0   -1      1.449      0.000      0.000  0.00000     0
   3  DUMM  DU      2    1    0      1.522    111.100      0.000  0.00000     0
   4  N     NH1     3    2    1      1.335    116.600    180.000 -0.35000     1
   5  H     H       4    3    2      1.010    119.800      0.000  0.25000     2
   6  CA    CH1E    4    3    2      1.449    121.900    180.000  0.10000     3
   7  CB    CH2E    6    4    3      1.525    111.100     60.000  0.19000     4
   8  SG    SH1E    7    6    4      1.810    116.000    180.000 -0.19000     5
   9  C     C       6    4    3      1.522    111.100    180.000  0.14000     6
  10  O     OC      9    6    4      1.229    120.500      0.000 -0.57000     7
  11  OXT   OC      9    6    4      1.229    120.500    180.000 -0.57000     8
DONE
CCYX 
   1  DUMM  DU      0   -1   -2      0.000      0.000      0.000  0.00000     0
   2  DUMM  DU      1    0   -1      1.449      0.000      0.000  0.00000     0
   3  DUMM  DU      2    1    0      1.522    111.100      0.000  0.00000     0
   4  N     NH1     3    2    1      1.335    116.600    180.000 -0.35000     1
   5  H     H       4    3    2      1.010    119.800      0.000  0.25000     2
   6  CA    CH1E    4    3    2      1.449    121.900    180.000  0.10000     3
   7  CB    CH2E    6    4    3      1.525    111.100     60.000 -0.19000     4
   8  SG    SH1E    7    6    4      1.810    116.000    180.000 -0.19000     5
   9  C     C       6    4    3      1.522    111.100    180.000  0.14000     6
  10  O     OC      9    6    4      1.229    120.500      0.000 -0.57000     7
  11  OXT   OC      9    6    4      1.229    120.500    180.000 -0.57000     8
DONE
CMET 
   1  DUMM  DU      0   -1   -2      0.000      0.000      0.000  0.00000     0
   2  DUMM  DU      1    0   -1      1.449      0.000      0.000  0.00000     0
   3  DUMM  DU      2    1    0      1.522    111.100      0.000  0.00000     0
   4  N     NH1     3    2    1      1.335    116.600    180.000 -0.35000     1
   5  H     H       4    3    2      1.010    119.800      0.000  0.25000     2
   6  CA    CH1E    4    3    2      1.449    121.900    180.000  0.10000     3
   7  CB    CH2E    6    4    3      1.525    111.100     60.000  0.00000     4
   8  CG    CH2E    7    6    4      1.525    109.470    180.000  0.06000     5
   9  SD    S       8    7    6      1.810    110.000    180.000 -0.12000     6
  10  CE    CH3E    9    8    7      1.780    100.000    180.000  0.06000     7
  11  C     C       6    4    3      1.522    111.100    180.000  0.14000     8
  12  O     OC     11    6    4      1.229    120.500      0.000 -0.57000     9
  13  OXT   OC     11    6    4      1.229    120.500    180.000 -0.57000    10
DONE
