NALA
   1  DUMM  DU      0   -1   -2      0.000      0.000      0.000  0.00000     0
   2  DUMM  DU      1    0   -1      1.449      0.000      0.000  0.00000     0
   3  DUMM  DU      2    1    0      1.522    111.100      0.000  0.00000     0
   4  N     N3      3    2    1      1.335    116.600    180.000  0.19020     1
   5  H1    H       4    3    2      1.010    130.000      0.000  0.20560     2
   6  H2    H       4    3    2      1.010     60.000     90.000  0.20560     3
   7  H3    H       4    3    2      1.010     60.000    -90.000  0.20560     4
   8  CA    CT      4    3    2      1.449    121.900    180.000  0.00400     5
   9  HA    HP      8    4    3      1.090    109.500    300.000  0.04300     6
  10  CB    CT      8    4    3      1.525    111.100     60.000 -0.09680     7
  11  HB1   HC     10    8    4      1.090    109.500     60.000  0.04700     8
  12  HB2   HC     10    8    4      1.090    109.500    180.000  0.04700     9
  13  HB3   HC     10    8    4      1.090    109.500    300.000  0.04700    10
  14  C     C       8    4    3      1.522    111.100    180.000  0.68370    11
  15  O     O      14    8    4      1.229    120.500      0.000 -0.58190    12
DONE
NGLY
   1  DUMM  DU      0   -1   -2      0.000      0.000      0.000  0.00000     0
   2  DUMM  DU      1    0   -1      1.449      0.000      0.000  0.00000     0
   3  DUMM  DU      2    1    0      1.522    111.100      0.000  0.00000     0
   4  N     N3      3    2    1      1.335    116.600    180.000  0.19020     1
   5  H1    H       4    3    2      1.010    130.000      0.000  0.20560     2
   6  H2    H       4    3    2      1.010     60.000     90.000  0.20560     3
   7  H3    H       4    3    2      1.010     60.000    -90.000  0.20560     4
   8  CA    CT      4    3    2      1.449    121.900    180.000 -0.07660     5
   9  HA2   HP      8    4    3      1.090    109.500    300.000  0.08390     6
  10  HA3   HP      8    4    3      1.090    109.500     60.000  0.08390     7
  11  C     C       8    4    3      1.522    110.400    180.000  0.68370     8
  12  O     O      11    8    4      1.229    120.500      0.000 -0.58190     9
DONE
NSER
   1  DUMM  DU      0   -1   -2      0.000      0.000      0.000  0.00000     0
   2  DUMM  DU      1    0   -1      1.449      0.000      0.000  0.00000     0
   3  DUMM  DU      2    1    0      1.522    111.100      0.000  0.00000     0
   4  N     N3      3    2    1      1.335    116.600    180.000  0.19020     1
   5  H1    H       4    3    2      1.010    130.000      0.000  0.20560     2
   6  H2    H       4    3    2      1.010     60.000     90.000  0.20560     3
   7  H3    H       4    3    2      1.010     60.000    -90.000  0.20560     4
   8  CA    CT      4    3    2      1.449    121.900    180.000  0.05280     5
   9  HA    HP      8    4    3      1.090    109.500    300.000  0.02200     6
  10  CB    CT      8    4    3      1.525    111.100     60.000  0.11460     7
  11  HB2   H1     10    8    4      1.090    109.500    300.000  0.04820     8
  12  HB3   H1     10    8    4      1.090    109.500     60.000  0.04820     9
  13  OG    OH     10    8    4      1.430    109.470    180.000 -0.56760    10
  14  HG    HO     13   10    8      0.960    109.470    180.000  0.37300    11
  15  C     C       8    4    3      1.522    111.100    180.000  0.68370    12
  16  O     O      15    8    4      1.229    120.500      0.000 -0.58190    13
DONE
NTHR
   1  DUMM  DU      0   -1   -2      0.000      0.000      0.000  0.00000     0
   2  DUMM  DU      1    0   -1      1.449      0.000      0.000  0.00000     0
   3  DUMM  DU      2    1    0      1.522    111.100      0.000  0.00000     0
   4  N     N3      3    2    1      1.335    116.600    180.000  0.19020     1
   5  H1    H       4    3    2      1.010    130.000      0.000  0.20560     2
   6  H2    H       4    3    2      1.010     60.000     90.000  0.20560     3
   7  H3    H       4    3    2      1.010     60.000    -90.000  0.20560     4
   8  CA    CT      4    3    2      1.449    121.900    180.000  0.00510     5
   9  HA    HP      8    4    3      1.090    109.500    300.000  0.04480     6
  10  CB    CT      8    4    3      1.525    111.100     60.000  0.39970     7
  11  HB    H1     10    8    4      1.090    109.500    180.000 -0.08040     8
  12  CG2   CT     10    8    4      1.525    109.470    300.000 -0.21690     9
  13  HG21  HC     12   10    8      1.090    109.500     60.000  0.05350    10
  14  HG22  HC     12   10    8      1.090    109.500    180.000  0.05350    11
  15  HG23  HC     12   10    8      1.090    109.500    300.000  0.05350    12
  16  OG1   OH     10    8    4      1.430    109.470     60.000 -0.62380    13
  17  HG1   HO     16   10    8      0.960    109.470    180.000  0.40220    14
  18  C     C       8    4    3      1.522    111.100    180.000  0.68370    15
  19  O     O      18    8    4      1.229    120.500      0.000 -0.58190    16
DONE
NLEU
   1  DUMM  DU      0   -1   -2      0.000      0.000      0.000  0.00000     0
   2  DUMM  DU      1    0   -1      1.449      0.000      0.000  0.00000     0
   3  DUMM  DU      2    1    0      1.522    111.100      0.000  0.00000     0
   4  N     N3      3    2    1      1.335    116.600    180.000  0.19020     1
   5  H1    H       4    3    2      1.010    130.000      0.000  0.20560     2
   6  H2    H       4    3    2      1.010     60.000     90.000  0.20560     3
   7  H3    H       4    3    2      1.010     60.000    -90.000  0.20560     4
   8  CA    CT      4    3    2      1.449    121.900    180.000 -0.05290     5
   9  HA    HP      8    4    3      1.090    109.500    300.000  0.05740     6
  10  CB    CT      8    4    3      1.525    111.100     60.000 -0.12210     7
  11  HB2   HC     10    8    4      1.090    109.500    300.000  0.03350     8
  12  HB3   HC     10    8    4      1.090    109.500     60.000  0.03350     9
  13  CG    CT     10    8    4      1.525    109.470    180.000  0.44900    10
  14  HG    HC     13   10    8      1.090    109.500    300.000 -0.06640    11
  15  CD1   CT     13   10    8      1.525    109.470     60.000 -0.43990    12
  16  HD11  HC     15   13   10      1.090    109.500     60.000  0.10650    13
  17  HD12  HC     15   13   10      1.090    109.500    180.000  0.10650    14
  18  HD13  HC     15   13   10      1.090    109.500    300.000  0.10650    15
  19  CD2   CT     13   10    8      1.525    109.470    180.000 -0.43990    16
  20  HD21  HC     19   13   10      1.090    109.500     60.000  0.10650    17
  21  HD22  HC     19   13   10      1.090    109.500    180.000  0.10650    18
  22  HD23  HC     19   13   10      1.090    109.500    300.000  0.10650    19
  23  C     C       8    4    3      1.522    111.100    180.000  0.68370    20
  24  O     O      23    8    4      1.229    120.500      0.000 -0.58190    21
DONE
NILE
   1  DUMM  DU      0   -1   -2      0.000      0.000      0.000  0.00000     0
   2  DUMM  DU      1    0   -1      1.449      0.000      0.000  0.00000     0
   3  DUMM  DU      2    1    0      1.522    111.100      0.000  0.00000     0
   4  N     N3      3    2    1      1.335    116.600    180.000  0.19020     1
   5  H1    H       4    3    2      1.010    130.000      0.000  0.20560     2
   6  H2    H       4    3    2      1.010     60.000     90.000  0.20560     3
   7  H3    H       4    3    2      1.010     60.000    -90.000  0.20560     4
   8  CA    CT      4    3    2      1.449    121.900    180.000 -0.04340     5
   9  HA    HP      8    4    3      1.090    109.500    300.000  0.06680     6
  10  CB    CT      8    4    3      1.525    109.470     60.000  0.05690     7
  11  HB    HC     10    8    4      1.090    109.500    300.000  0.02230     8
  12  CG2   CT     10    8    4      1.525    109.470     60.000 -0.28290     9
  13  HG21  HC     12   10    8      1.090    109.500     60.000  0.07750    10
  14  HG22  HC     12   10    8      1.090    109.500    180.000  0.07750    11
  15  HG23  HC     12   10    8      1.090    109.500    300.000  0.07750    12
  16  CG1   CT     10    8    4      1.525    109.470    180.000 -0.02440    13
  17  HG12  HC     16   10    8      1.090    109.500     60.000  0.03280    14
  18  HG13  HC     16   10    8      1.090    109.500    300.000  0.03280    15
  19  CD1   CT     16   10    8      1.525    109.470    180.000 -0.11020    16
  20  HD11  HC     19   16   10      1.090    109.500     60.000  0.03600    17
  21  HD12  HC     19   16   10      1.090    109.500    180.000  0.03600    18
  22  HD13  HC     19   16   10      1.090    109.500    300.000  0.03600    19
  23  C     C       8    4    3      1.522    111.100    180.000  0.68370    20
  24  O     O      23    8    4      1.229    120.500      0.000 -0.58190    21
DONE
NVAL
   1  DUMM  DU      0   -1   -2      0.000      0.000      0.000  0.00000     0
   2  DUMM  DU      1    0   -1      1.449      0.000      0.000  0.00000     0
   3  DUMM  DU      2    1    0      1.522    111.100      0.000  0.00000     0
   4  N     N3      3    2    1      1.335    116.600    180.000  0.19020     1
   5  H1    H       4    3    2      1.010    130.000      0.000  0.20560     2
   6  H2    H       4    3    2      1.010     60.000     90.000  0.20560     3
   7  H3    H       4    3    2      1.010     60.000    -90.000  0.20560     4
   8  CA    CT      4    3    2      1.449    121.900    180.000 -0.07690     5
   9  HA    HP      8    4    3      1.090    109.500    300.000  0.05020     6
  10  CB    CT      8    4    3      1.525    111.100     60.000  0.34760     7
  11  HB    HC     10    8    4      1.090    109.500    300.000  0.00110     8
  12  CG1   CT     10    8    4      1.525    109.470     60.000 -0.36200     9
  13  HG11  HC     12   10    8      1.090    109.500     60.000  0.08220    10
  14  HG12  HC     12   10    8      1.090    109.500    180.000  0.08220    11
  15  HG13  HC     12   10    8      1.090    109.500    300.000  0.08220    12
  16  CG2   CT     10    8    4      1.525    109.470    180.000 -0.36200    13
  17  HG21  HC     16   10    8      1.090    109.500     60.000  0.08220    14
  18  HG22  HC     16   10    8      1.090    109.500    180.000  0.08220    15
  19  HG23  HC     16   10    8      1.090    109.500    300.000  0.08220    16
  20  C     C       8    4    3      1.522    111.100    180.000  0.68370    17
  21  O     O      20    8    4      1.229    120.500      0.000 -0.58190    18
DONE
NASN
   1  DUMM  DU      0   -1   -2      0.000      0.000      0.000  0.00000     0
   2  DUMM  DU      1    0   -1      1.449      0.000      0.000  0.00000     0
   3  DUMM  DU      2    1    0      1.522    111.100      0.000  0.00000     0
   4  N     N3      3    2    1      1.335    116.600    180.000  0.19020     1
   5  H1    H       4    3    2      1.010    130.000      0.000  0.20560     2
   6  H2    H       4    3    2      1.010     60.000     90.000  0.20560     3
   7  H3    H       4    3    2      1.010     60.000    -90.000  0.20560     4
   8  CA    CT      4    3    2      1.449    121.900    180.000  0.00590     5
   9  HA    HP      8    4    3      1.090    109.500    300.000  0.06450     6
  10  CB    CT      8    4    3      1.525    111.100     60.000 -0.20210     7
  11  HB2   HC     10    8    4      1.090    109.500    300.000  0.09050     8
  12  HB3   HC     10    8    4      1.090    109.500     60.000  0.09050     9
  13  CG    C      10    8    4      1.522    111.100    180.000  0.67240    10
  14  OD1   O      13   10    8      1.229    120.500      0.000 -0.57610    11
  15  ND2   N      13   10    8      1.335    116.600    180.000 -0.77700    12
  16  HD21  H      15   13   10      1.010    119.800    180.000  0.36130    13
  17  HD22  H      15   13   10      1.010    119.800      0.000  0.36130    14
  18  C     C       8    4    3      1.522    111.100    180.000  0.68370    15
  19  O     O      18    8    4      1.229    120.500      0.000 -0.58190    16
DONE
NGLN
   1  DUMM  DU      0   -1   -2      0.000      0.000      0.000  0.00000     0
   2  DUMM  DU      1    0   -1      1.449      0.000      0.000  0.00000     0
   3  DUMM  DU      2    1    0      1.522    111.100      0.000  0.00000     0
   4  N     N3      3    2    1      1.335    116.600    180.000  0.19020     1
   5  H1    H       4    3    2      1.010    130.000      0.000  0.20560     2
   6  H2    H       4    3    2      1.010     60.000     90.000  0.20560     3
   7  H3    H       4    3    2      1.010     60.000    -90.000  0.20560     4
   8  CA    CT      4    3    2      1.449    121.900    180.000 -0.08740     5
   9  HA    HP      8    4    3      1.090    109.500    300.000  0.06610     6
  10  CB    CT      8    4    3      1.525    111.100     60.000  0.12630     7
  11  HB2   HC     10    8    4      1.090    109.500    300.000  0.01300     8
  12  HB3   HC     10    8    4      1.090    109.500     60.000  0.01300     9
  13  CG    CT     10    8    4      1.525    109.470    180.000 -0.29970    10
  14  HG2   HC     13   10    8      1.090    109.500    300.000  0.11960    11
  15  HG3   HC     13   10    8      1.090    109.500     60.000  0.11960    12
  16  CD    C      13   10    8      1.522    111.100    180.000  0.72330    13
  17  OE1   O      16   13   10      1.229    120.500      0.000 -0.62180    14
  18  NE2   N      16   13   10      1.335    116.600    180.000 -0.79260    15
  19  HE21  H      18   16   13      1.010    119.800    180.000  0.35590    16
  20  HE22  H      18   16   13      1.010    119.800      0.000  0.35590    17
  21  C     C       8    4    3      1.522    111.100    180.000  0.68370    18
  22  O     O      21    8    4      1.229    120.500      0.000 -0.58190    19
DONE
NARG
   1  DUMM  DU      0   -1   -2      0.000      0.000      0.000  0.00000     0
   2  DUMM  DU      1    0   -1      1.449      0.000      0.000  0.00000     0
   3  DUMM  DU      2    1    0      1.522    111.100      0.000  0.00000     0
   4  N     N3      3    2    1      1.335    116.600    180.000  0.19020     1
   5  H1    H       4    3    2      1.010    130.000      0.000  0.20560     2
   6  H2    H       4    3    2      1.010     60.000     90.000  0.20560     3
   7  H3    H       4    3    2      1.010     60.000    -90.000  0.20560     4
   8  CA    CT      4    3    2      1.449    121.900    180.000 -0.03890     5
   9  HA    HP      8    4    3      1.090    109.500    300.000  0.06920     6
  10  CB    CT      8    4    3      1.525    111.100     60.000  0.02900     7
  11  HB2   HC     10    8    4      1.090    109.500    300.000  0.03410     8
  12  HB3   HC     10    8    4      1.090    109.500     60.000  0.03410     9
  13  CG    CT     10    8    4      1.525    109.470    180.000  0.00030    10
  14  HG2   HC     13   10    8      1.090    109.500    300.000  0.03040    11
  15  HG3   HC     13   10    8      1.090    109.500     60.000  0.03040    12
  16  CD    CT     13   10    8      1.525    109.470    180.000  0.09660    13
  17  HD2   H1     16   13   10      1.090    109.500    300.000  0.05850    14
  18  HD3   H1     16   13   10      1.090    109.500     60.000  0.05850    15
  19  NE    N2     16   13   10      1.480    111.000    180.000 -0.52490    16
  20  HE    H      19   16   13      1.010    118.500      0.000  0.32580    17
  21  CZ    CA     19   16   13      1.330    123.000    180.000  0.88130    18
  22  NH1   N2     21   19   16      1.330    122.000      0.000 -0.83760    19
  23  HH11  H      22   21   19      1.010    119.800      0.000  0.42050    20
  24  HH12  H      22   21   19      1.010    119.800    180.000  0.42050    21
  25  NH2   N2     21   19   16      1.330    118.000    180.000 -0.83760    22
  26  HH21  H      25   21   19      1.010    119.800      0.000  0.42050    23
  27  HH22  H      25   21   19      1.010    119.800    180.000  0.42050    24
  28  C     C       8    4    3      1.522    111.100    180.000  0.68370    25
  29  O     O      28    8    4      1.229    120.500      0.000 -0.58190    26
DONE
NHID
   1  DUMM  DU      0   -1   -2      0.000      0.000      0.000  0.00000     0
   2  DUMM  DU      1    0   -1      1.449      0.000      0.000  0.00000     0
   3  DUMM  DU      2    1    0      1.522    111.100      0.000  0.00000     0
   4  N     N3      3    2    1      1.335    116.600    180.000  0.19020     1
   5  H1    H       4    3    2      1.010    130.000      0.000  0.20560     2
   6  H2    H       4    3    2      1.010     60.000     90.000  0.20560     3
   7  H3    H       4    3    2      1.010     60.000    -90.000  0.20560     4
   8  CA    CT      4    3    2      1.449    121.900    180.000  0.01890     5
   9  HA    HP      8    4    3      1.090    109.500    300.000  0.03700     6
  10  CB    CT      8    4    3      1.525    111.100     60.000 -0.03560     7
  11  HB2   HC     10    8    4      1.090    109.500    300.000  0.03930     8
  12  HB3   HC     10    8    4      1.090    109.500     60.000  0.03930     9
  13  CG    CC     10    8    4      1.510    115.000    180.000  0.04710    10
  14  ND1   NA     13   10    8      1.390    122.000    180.000 -0.16440    11
  15  HD1   H      14   13   10      1.010    126.000      0.000  0.27120    12
  16  CE1   CR     14   13   10      1.320    108.000    180.000  0.10230    13
  17  HE1   H5     16   14   13      1.090    120.000    180.000  0.10060    14
  18  NE2   NB     16   14   13      1.310    109.000      0.000 -0.47420    15
  19  CD2   CV     18   16   14      1.360    110.000      0.000  0.01820    16
  20  HD2   H4     19   18   16      1.090    120.000    180.000  0.09150    17
  21  C     C       8    4    3      1.522    111.100    180.000  0.68370    18
  22  O     O      21    8    4      1.229    120.500      0.000 -0.58190    19
DONE
NHIE
   1  DUMM  DU      0   -1   -2      0.000      0.000      0.000  0.00000     0
   2  DUMM  DU      1    0   -1      1.449      0.000      0.000  0.00000     0
   3  DUMM  DU      2    1    0      1.522    111.100      0.000  0.00000     0
   4  N     N3      3    2    1      1.335    116.600    180.000  0.19020     1
   5  H1    H       4    3    2      1.010    130.000      0.000  0.20560     2
   6  H2    H       4    3    2      1.010     60.000     90.000  0.20560     3
   7  H3    H       4    3    2      1.010     60.000    -90.000  0.20560     4
   8  CA    CT      4    3    2      1.449    121.900    180.000 -0.00470     5
   9  HA    HP      8    4    3      1.090    109.500    300.000  0.03930     6
  10  CB    CT      8    4    3      1.525    111.100     60.000 -0.04850     7
  11  HB2   HC     10    8    4      1.090    109.500    300.000  0.05120     8
  12  HB3   HC     10    8    4      1.090    109.500     60.000  0.05120     9
  13  CG    CC     10    8    4      1.510    115.000    180.000  0.26830    10
  14  ND1   NB     13   10    8      1.390    122.000    180.000 -0.56750    11
  15  CE1   CR     14   13   10      1.320    108.000    180.000  0.22720    12
  16  HE1   H5     15   14   13      1.090    120.000    180.000  0.06920    13
  17  NE2   NA     15   14   13      1.310    109.000      0.000 -0.21300    14
  18  HE2   H      17   15   14      1.010    125.000    180.000  0.29110    15
  19  CD2   CW     17   15   14      1.360    110.000      0.000 -0.22920    16
  20  HD2   H4     19   17   15      1.090    120.000    180.000  0.15660    17
  21  C     C       8    4    3      1.522    111.100    180.000  0.68370    18
  22  O     O      21    8    4      1.229    120.500      0.000 -0.58190    19
DONE
NHIP
   1  DUMM  DU      0   -1   -2      0.000      0.000      0.000  0.00000     0
   2  DUMM  DU      1    0   -1      1.449      0.000      0.000  0.00000     0
   3  DUMM  DU      2    1    0      1.522    111.100      0.000  0.00000     0
   4  N     N3      3    2    1      1.335    116.600    180.000  0.19020     1
   5  H1    H       4    3    2      1.010    130.000      0.000  0.20560     2
   6  H2    H       4    3    2      1.010     60.000     90.000  0.20560     3
   7  H3    H       4    3    2      1.010     60.000    -90.000  0.20560     4
   8  CA    CT      4    3    2      1.449    121.900    180.000  0.13810     5
   9  HA    HP      8    4    3      1.090    109.500    300.000  0.00030     6
  10  CB    CT      8    4    3      1.525    111.100     60.000  0.02960     7
  11  HB2   HC     10    8    4      1.090    109.500    300.000  0.05690     8
  12  HB3   HC     10    8    4      1.090    109.500     60.000  0.05690     9
  13  CG    CC     10    8    4      1.510    115.000    180.000  0.05910    10
  14  ND1   NA     13   10    8      1.390    122.000    180.000 -0.00080    11
  15  HD1   H      14   13   10      1.010    126.000      0.000  0.28060    12
  16  CE1   CR     14   13   10      1.320    108.000    180.000 -0.06770    13
  17  HE1   H5     16   14   13      1.090    120.000    180.000  0.21080    14
  18  NE2   NA     16   14   13      1.310    109.000      0.000 -0.03910    15
  19  HE2   H      18   16   14      1.010    125.000    180.000  0.31780    16
  20  CD2   CW     18   16   14      1.360    110.000      0.000 -0.12620    17
  21  HD2   H4     20   18   16      1.090    120.000    180.000  0.17490    18
  22  C     C       8    4    3      1.522    111.100    180.000  0.68370    19
  23  O     O      22    8    4      1.229    120.500      0.000 -0.58190    20
DONE
NTRP
   1  DUMM  DU      0   -1   -2      0.000      0.000      0.000  0.00000     0
   2  DUMM  DU      1    0   -1      1.449      0.000      0.000  0.00000     0
   3  DUMM  DU      2    1    0      1.522    111.100      0.000  0.00000     0
   4  N     N3      3    2    1      1.335    116.600    180.000  0.19020     1
   5  H1    H       4    3    2      1.010    130.000      0.000  0.20560     2
   6  H2    H       4    3    2      1.010     60.000     90.000  0.20560     3
   7  H3    H       4    3    2      1.010     60.000    -90.000  0.20560     4
   8  CA    CT      4    3    2      1.449    121.900    180.000 -0.01880     5
   9  HA    HP      8    4    3      1.090    109.500    300.000  0.05430     6
  10  CB    CT      8    4    3      1.525    111.100     60.000 -0.01110     7
  11  HB2   HC     10    8    4      1.090    109.500    300.000  0.03280     8
  12  HB3   HC     10    8    4      1.090    109.500     60.000  0.03280     9
  13  CG    C*     10    8    4      1.510    115.000    180.000 -0.09730    10
  14  CD1   CW     13   10    8      1.340    127.000    180.000 -0.07980    11
  15  HD1   H4     14   13   10      1.090    120.000      0.000  0.14370    12
  16  NE1   NA     14   13   10      1.430    107.000    180.000 -0.35810    13
  17  HE1   H      16   14   13      1.010    125.500    180.000  0.34110    14
  18  CE2   CN     16   14   13      1.310    109.000      0.000  0.16800    15
  19  CZ2   CA     18   16   14      1.400    128.000    180.000 -0.22980    16
  20  HZ2   HA     19   18   16      1.090    120.000      0.000  0.13850    17
  21  CH2   CA     19   18   16      1.390    116.000    180.000 -0.10890    18
  22  HH2   HA     21   19   18      1.090    120.000    180.000  0.10660    19
  23  CZ3   CA     21   19   18      1.350    121.000      0.000 -0.14610    20
  24  HZ3   HA     23   21   19      1.090    120.000    180.000  0.10780    21
  25  CE3   CA     23   21   19      1.410    122.000      0.000 -0.23040    22
  26  HE3   HA     25   23   21      1.090    120.000    180.000  0.16270    23
  27  CD2   CB     25   23   21      1.400    117.000      0.000  0.08320    24
  28  C     C       8    4    3      1.522    111.100    180.000  0.68370    25
  29  O     O      28    8    4      1.229    120.500      0.000 -0.58190    26
DONE
NPHE
   1  DUMM  DU      0   -1   -2      0.000      0.000      0.000  0.00000     0
   2  DUMM  DU      1    0   -1      1.449      0.000      0.000  0.00000     0
   3  DUMM  DU      2    1    0      1.522    111.100      0.000  0.00000     0
   4  N     N3      3    2    1      1.335    116.600    180.000  0.19020     1
   5  H1    H       4    3    2      1.010    130.000      0.000  0.20560     2
   6  H2    H       4    3    2      1.010     60.000     90.000  0.20560     3
   7  H3    H       4    3    2      1.010     60.000    -90.000  0.20560     4
   8  CA    CT      4    3    2      1.449    121.900    180.000 -0.00220     5
   9  HA    HP      8    4    3      1.090    109.500    300.000  0.03810     6
  10  CB    CT      8    4    3      1.525    111.100     60.000 -0.00530     7
  11  HB2   HC     10    8    4      1.090    109.500    300.000  0.02890     8
  12  HB3   HC     10    8    4      1.090    109.500     60.000  0.02890     9
  13  CG    CA     10    8    4      1.510    115.000    180.000  0.03580    10
  14  CD1   CA     13   10    8      1.400    120.000    180.000 -0.10780    11
  15  HD1   HA     14   13   10      1.090    120.000      0.000  0.11400    12
  16  CE1   CA     14   13   10      1.400    120.000    180.000 -0.15030    13
  17  HE1   HA     16   14   13      1.090    120.000    180.000  0.11530    14
  18  CZ    CA     16   14   13      1.400    120.000      0.000 -0.07440    15
  19  HZ    HA     18   16   14      1.090    120.000    180.000  0.09900    16
  20  CE2   CA     18   16   14      1.400    120.000      0.000 -0.15030    17
  21  HE2   HA     20   18   16      1.090    120.000    180.000  0.11530    18
  22  CD2   CA     20   18   16      1.400    120.000      0.000 -0.10780    19
  23  HD2   HA     22   20   18      1.090    120.000    180.000  0.11400    20
  24  C     C       8    4    3      1.522    111.100    180.000  0.68370    21
  25  O     O      24    8    4      1.229    120.500      0.000 -0.58190    22
DONE
NTYR
   1  DUMM  DU      0   -1   -2      0.000      0.000      0.000  0.00000     0
   2  DUMM  DU      1    0   -1      1.449      0.000      0.000  0.00000     0
   3  DUMM  DU      2    1    0      1.522    111.100      0.000  0.00000     0
   4  N     N3      3    2    1      1.335    116.600    180.000  0.19020     1
   5  H1    H       4    3    2      1.010    130.000      0.000  0.20560     2
   6  H2    H       4    3    2      1.010     60.000     90.000  0.20560     3
   7  H3    H       4    3    2      1.010     60.000    -90.000  0.20560     4
   8  CA    CT      4    3    2      1.449    121.900    180.000 -0.04260     5
   9  HA    HP      8    4    3      1.090    109.500    300.000  0.07240     6
  10  CB    CT      8    4    3      1.525    111.100     60.000  0.00850     7
  11  HB2   HC     10    8    4      1.090    109.500    300.000  0.03130     8
  12  HB3   HC     10    8    4      1.090    109.500     60.000  0.03130     9
  13  CG    CA     10    8    4      1.510    109.470    180.000  0.00050    10
  14  CD1   CA     13   10    8      1.400    120.000    180.000 -0.14230    11
  15  HD1   HA     14   13   10      1.090    120.000      0.000  0.12040    12
  16  CE1   CA     14   13   10      1.400    120.000    180.000 -0.18920    13
  17  HE1   HA     16   14   13      1.090    120.000    180.000  0.13680    14
  18  CZ    CA     16   14   13      1.400    120.000      0.000  0.25700    15
  19  OH    OH     18   16   14      1.360    120.000    180.000 -0.47700    16
  20  HH    HO     19   18   16      0.960    113.000      0.000  0.35840    17
  21  CE2   CA     18   16   14      1.400    120.000      0.000 -0.18920    18
  22  HE2   HA     21   18   16      1.090    120.000    180.000  0.13680    19
  23  CD2   CA     21   18   16      1.400    120.000      0.000 -0.14230    20
  24  HD2   HA     23   21   18      1.090    120.000    180.000  0.12040    21
  25  C     C       8    4    3      1.522    111.100    180.000  0.68370    22
  26  O     O      25    8    4      1.229    120.500      0.000 -0.58190    23
DONE
NGLU
   1  DUMM  DU      0   -1   -2      0.000      0.000      0.000  0.00000     0
   2  DUMM  DU      1    0   -1      1.449      0.000      0.000  0.00000     0
   3  DUMM  DU      2    1    0      1.522    111.100      0.000  0.00000     0
   4  N     N3      3    2    1      1.335    116.600    180.000  0.19020     1
   5  H1    H       4    3    2      1.010    130.000      0.000  0.20560     2
   6  H2    H       4    3    2      1.010     60.000     90.000  0.20560     3
   7  H3    H       4    3    2      1.010     60.000    -90.000  0.20560     4
   8  CA    CT      4    3    2      1.449    121.900    180.000 -0.24180     5
   9  HA    HP      8    4    3      1.090    109.500    300.000  0.09610     6
  10  CB    CT      8    4    3      1.525    111.100     60.000  0.27650     7
  11  HB2   HC     10    8    4      1.090    109.500    300.000 -0.06270     8
  12  HB3   HC     10    8    4      1.090    109.500     60.000 -0.06270     9
  13  CG    CT     10    8    4      1.510    109.470    180.000 -0.18810    10
  14  HG2   HC     13   10    8      1.090    109.500    300.000  0.04100    11
  15  HG3   HC     13   10    8      1.090    109.500     60.000  0.04100    12
  16  CD    C      13   10    8      1.527    109.470    180.000  0.67330    13
  17  OE1   O2     16   13   10      1.260    117.200     90.000 -0.74070    14
  18  OE2   O2     16   13   10      1.260    117.200    270.000 -0.74070    15
  19  C     C       8    4    3      1.522    111.100    180.000  0.68370    16
  20  O     O      19    8    4      1.229    120.500      0.000 -0.58190    17
DONE
NASP
   1  DUMM  DU      0   -1   -2      0.000      0.000      0.000  0.00000     0
   2  DUMM  DU      1    0   -1      1.449      0.000      0.000  0.00000     0
   3  DUMM  DU      2    1    0      1.522    111.100      0.000  0.00000     0
   4  N     N3      3    2    1      1.335    116.600    180.000  0.19020     1
   5  H1    H       4    3    2      1.010    130.000      0.000  0.20560     2
   6  H2    H       4    3    2      1.010     60.000     90.000  0.20560     3
   7  H3    H       4    3    2      1.010     60.000    -90.000  0.20560     4
   8  CA    CT      4    3    2      1.449    121.900    180.000 -0.15230     5
   9  HA    HP      8    4    3      1.090    109.500    300.000  0.06640     6
  10  CB    CT      8    4    3      1.525    111.100     60.000 -0.03830     7
  11  HB2   HC     10    8    4      1.090    109.500    300.000 -0.01970     8
  12  HB3   HC     10    8    4      1.090    109.500     60.000 -0.01970     9
  13  CG    C      10    8    4      1.527    109.470    180.000  0.76300    10
  14  OD1   O2     13   10    8      1.260    117.200     90.000 -0.75410    11
  15  OD2   O2     13   10    8      1.260    117.200    270.000 -0.75410    12
  16  C     C       8    4    3      1.522    111.100    180.000  0.68370    13
  17  O     O      16    8    4      1.229    120.500      0.000 -0.58190    14
DONE
NLYS
   1  DUMM  DU      0   -1   -2      0.000      0.000      0.000  0.00000     0
   2  DUMM  DU      1    0   -1      1.449      0.000      0.000  0.00000     0
   3  DUMM  DU      2    1    0      1.522    111.100      0.000  0.00000     0
   4  N     N3      3    2    1      1.335    116.600    180.000  0.19020     1
   5  H1    H       4    3    2      1.010    130.000      0.000  0.20560     2
   6  H2    H       4    3    2      1.010     60.000     90.000  0.20560     3
   7  H3    H       4    3    2      1.010     60.000    -90.000  0.20560     4
   8  CA    CT      4    3    2      1.449    121.900    180.000 -0.02690     5
   9  HA    HP      8    4    3      1.090    109.500    300.000  0.07090     6
  10  CB    CT      8    4    3      1.525    111.100     60.000 -0.03480     7
  11  HB2   HC     10    8    4      1.090    109.500    300.000  0.03230     8
  12  HB3   HC     10    8    4      1.090    109.500     60.000  0.03230     9
  13  CG    CT     10    8    4      1.525    109.470    180.000 -0.02310    10
  14  HG2   HC     13   10    8      1.090    109.500    300.000  0.04490    11
  15  HG3   HC     13   10    8      1.090    109.500     60.000  0.04490    12
  16  CD    CT     13   10    8      1.525    109.470    180.000 -0.04330    13
  17  HD2   HC     16   13   10      1.090    109.500    300.000  0.05500    14
  18  HD3   HC     16   13   10      1.090    109.500     60.000  0.05500    15
  19  CE    CT     16   13   10      1.525    109.470    180.000  0.13800    16
  20  HE2   HP     19   16   13      1.090    109.500    300.000  0.04720    17
  21  HE3   HP     19   16   13      1.090    109.500     60.000  0.04720    18
  22  NZ    N3     19   16   13      1.470    109.470    180.000 -0.20040    19
  23  HZ1   H      22   19   16      1.010    109.470     60.000  0.28400    20
  24  HZ2   H      22   19   16      1.010    109.470    180.000  0.28400    21
  25  HZ3   H      22   19   16      1.010    109.470    300.000  0.28400    22
  26  C     C       8    4    3      1.522    111.100    180.000  0.68370    23
  27  O     O      26    8    4      1.229    120.500      0.000 -0.58190    24
DONE
NPRO
   1  DUMM  DU      0   -1   -2      0.000      0.000      0.000  0.00000     0
   2  DUMM  DU      1    0   -1      1.449      0.000      0.000  0.00000     0
   3  DUMM  DU      2    1    0      1.522    111.100      0.000  0.00000     0
   4  N     N3      3    2    1      1.335    116.600    180.000  0.03650     1
   5  H2    H       4    3    2      1.010     60.000     90.000  0.20800     2
   6  H3    H       4    3    2      1.010     60.000    -90.000  0.20800     3
   7  CD    CT      4    3    2      1.458    126.100    356.100  0.02800     4
   8  HD2   HP      7    4    3      1.090    109.500     80.000  0.06540     5
   9  HD3   HP      7    4    3      1.090    109.500    320.000  0.06540     6
  10  CG    CT      7    4    3      1.500    103.200    200.100  0.02990     7
  11  HG2   HC     10    7    4      1.090    109.500    218.000  0.02100     8
  12  HG3   HC     10    7    4      1.090    109.500     98.000  0.02100     9
  13  CB    CT     10    7    4      1.510    106.000    338.300 -0.02060    10
  14  HB2   HC     13   10    7      1.090    109.500    256.300  0.03910    11
  15  HB3   HC     13   10    7      1.090    109.500    136.300  0.03910    12
  16  CA    CT      4    3    2      1.451    120.600    175.200  0.17180    13
  17  HA    HP     16    4    3      1.090    109.500     60.000 -0.01440    14
  18  C     C      16    4    3      1.522    109.500    300.000  0.68370    15
  19  O     O      18   16    4      1.229    120.500      0.000 -0.58190    16
DONE
NCYS
   1  DUMM  DU      0   -1   -2      0.000      0.000      0.000  0.00000     0
   2  DUMM  DU      1    0   -1      1.449      0.000      0.000  0.00000     0
   3  DUMM  DU      2    1    0      1.522    111.100      0.000  0.00000     0
   4  N     N3      3    2    1      1.335    116.600    180.000  0.19020     1
   5  H1    H       4    3    2      1.010    130.000      0.000  0.20560     2
   6  H2    H       4    3    2      1.010     60.000     90.000  0.20560     3
   7  H3    H       4    3    2      1.010     60.000    -90.000  0.20560     4
   8  CA    CT      4    3    2      1.449    121.900    180.000  0.02130     5
   9  HA    HP      8    4    3      1.090    109.500    300.000  0.05780     6
  10  CB    CT      8    4    3      1.525    111.100     60.000 -0.03160     7
  11  HB2   H1     10    8    4      1.090    109.500    300.000  0.06550     8
  12  HB3   H1     10    8    4      1.090    109.500     60.000  0.06550     9
  13  SG    SH     10    8    4      1.810    116.000    180.000 -0.24640    10
  14  HG    HS     13   10    8      1.330     96.000    180.000  0.15910    11
  15  C     C       8    4    3      1.522    111.100    180.000  0.68370    12
  16  O     O      15    8    4      1.229    120.500      0.000 -0.58190    13
DONE
NCYX
   1  DUMM  DU      0   -1   -2      0.000      0.000      0.000  0.00000     0
   2  DUMM  DU      1    0   -1      1.449      0.000      0.000  0.00000     0
   3  DUMM  DU      2    1    0      1.522    111.100      0.000  0.00000     0
   4  N     N3      3    2    1      1.335    116.600    180.000  0.19020     1
   5  H1    H       4    3    2      1.010    130.000      0.000  0.20560     2
   6  H2    H       4    3    2      1.010     60.000     90.000  0.20560     3
   7  H3    H       4    3    2      1.010     60.000    -90.000  0.20560     4
   8  CA    CT      4    3    2      1.449    121.900    180.000 -0.00050     5
   9  HA    HP      8    4    3      1.090    109.500    300.000  0.06490     6
  10  CB    CT      8    4    3      1.525    111.100     60.000 -0.00840     7
  11  HB2   H1     10    8    4      1.090    109.500    300.000  0.06340     8
  12  HB3   H1     10    8    4      1.090    109.500     60.000  0.06340     9
  13  SG    S      10    8    4      1.810    116.000    180.000 -0.09160    10
  14  C     C       8    4    3      1.522    111.100    180.000  0.68370    11
  15  O     O      14    8    4      1.229    120.500      0.000 -0.58190    12
DONE
NMET
   1  DUMM  DU      0   -1   -2      0.000      0.000      0.000  0.00000     0
   2  DUMM  DU      1    0   -1      1.449      0.000      0.000  0.00000     0
   3  DUMM  DU      2    1    0      1.522    111.100      0.000  0.00000     0
   4  N     N3      3    2    1      1.335    116.600    180.000  0.19020     1
   5  H1    H       4    3    2      1.010    130.000      0.000  0.20560     2
   6  H2    H       4    3    2      1.010     60.000     90.000  0.20560     3
   7  H3    H       4    3    2      1.010     60.000    -90.000  0.20560     4
   8  CA    CT      4    3    2      1.449    121.900    180.000 -0.03770     5
   9  HA    HP      8    4    3      1.090    109.500    300.000  0.05160     6
  10  CB    CT      8    4    3      1.525    111.100     60.000  0.08280     7
  11  HB2   HC     10    8    4      1.090    109.500    300.000 -0.00600     8
  12  HB3   HC     10    8    4      1.090    109.500     60.000 -0.00600     9
  13  CG    CT     10    8    4      1.525    109.470    180.000 -0.01620    10
  14  HG2   H1     13   10    8      1.090    109.500    300.000  0.07220    11
  15  HG3   H1     13   10    8      1.090    109.500     60.000  0.07220    12
  16  SD    S      13   10    8      1.810    110.000    180.000 -0.23810    13
  17  CE    CT     16   13   10      1.780    100.000    180.000 -0.05850    14
  18  HE1   H1     17   16   13      1.090    109.500     60.000  0.05830    15
  19  HE2   H1     17   16   13      1.090    109.500    180.000  0.05830    16
  20  HE3   H1     17   16   13      1.090    109.500    300.000  0.05830    17
  21  C     C       8    4    3      1.522    111.100    180.000  0.68370    18
  22  O     O      21    8    4      1.229    120.500      0.000 -0.58190    19
DONE
