CALA
   1  DUMM  DU      0   -1   -2      0.000      0.000      0.000  0.00000     0
   2  DUMM  DU      1    0   -1      1.449      0.000      0.000  0.00000     0
   3  DUMM  DU      2    1    0      1.522    111.100      0.000  0.00000     0
   4  N     N       3    2    1      1.335    116.600    180.000 -0.38210     1
   5  CA    CT      4    3    2      1.449    121.900    180.000 -0.17470     2
   6  CB    CT      5    4    3      1.525    111.100     60.000 -0.20930     3
   7  C     C       5    4    3      1.522    111.100    180.000  0.77310     4
   8  O     O2      7    5    4      1.229    120.500      0.000 -0.80550     5
   9  OXT   O2      7    5    4      1.229    120.500    180.000 -0.80550     6
DONE
CGLY
   1  DUMM  DU      0   -1   -2      0.000      0.000      0.000  0.00000     0
   2  DUMM  DU      1    0   -1      1.449      0.000      0.000  0.00000     0
   3  DUMM  DU      2    1    0      1.522    111.100      0.000  0.00000     0
   4  N     N       3    2    1      1.335    116.600    180.000 -0.38210     1
   5  CA    CT      4    3    2      1.449    121.900    180.000 -0.24930     2
   6  C     C       5    4    3      1.522    110.400    180.000  0.72310     3
   7  O     O2      6    5    4      1.229    120.500      0.000 -0.78550     4
   8  OXT   O2      6    5    4      1.229    120.500    180.000 -0.78550     5
DONE
CSER
   1  DUMM  DU      0   -1   -2      0.000      0.000      0.000  0.00000     0
   2  DUMM  DU      1    0   -1      1.449      0.000      0.000  0.00000     0
   3  DUMM  DU      2    1    0      1.522    111.100      0.000  0.00000     0
   4  N     N       3    2    1      1.335    116.600    180.000 -0.38210     1
   5  CA    CT      4    3    2      1.449    121.900    180.000 -0.27220     2
   6  CB    CT      5    4    3      1.525    111.100     60.000  0.11230     3
   7  OG    OH      6    5    4      1.430    109.470    180.000 -0.65140     4
   8  C     C       5    4    3      1.522    111.100    180.000  0.81130     5
   9  O     O2      8    5    4      1.229    120.500      0.000 -0.81320     6
  10  OXT   O2      8    5    4      1.229    120.500    180.000 -0.81320     7
DONE
CTHR
   1  DUMM  DU      0   -1   -2      0.000      0.000      0.000  0.00000     0
   2  DUMM  DU      1    0   -1      1.449      0.000      0.000  0.00000     0
   3  DUMM  DU      2    1    0      1.522    111.100      0.000  0.00000     0
   4  N     N       3    2    1      1.335    116.600    180.000 -0.38210     1
   5  CA    CT      4    3    2      1.449    121.900    180.000 -0.24200     2
   6  CB    CT      5    4    3      1.525    111.100     60.000  0.30250     3
   7  CG2   CT      6    5    4      1.525    109.470    300.000 -0.18530     4
   8  OG1   OH      6    5    4      1.430    109.470     60.000 -0.64960     5
   9  C     C       5    4    3      1.522    111.100    180.000  0.78100     6
  10  O     O2      9    5    4      1.229    120.500      0.000 -0.80440     7
  11  OXT   O2      9    5    4      1.229    120.500    180.000 -0.80440     8
DONE
CLEU
   1  DUMM  DU      0   -1   -2      0.000      0.000      0.000  0.00000     0
   2  DUMM  DU      1    0   -1      1.449      0.000      0.000  0.00000     0
   3  DUMM  DU      2    1    0      1.522    111.100      0.000  0.00000     0
   4  N     N       3    2    1      1.335    116.600    180.000 -0.38210     1
   5  CA    CT      4    3    2      1.449    121.900    180.000 -0.28470     2
   6  CB    CT      5    4    3      1.525    111.100     60.000 -0.24690     3
   7  CG    CT      6    5    4      1.525    109.470    180.000  0.37060     4
   8  CD1   CT      7    6    5      1.525    109.470     60.000 -0.41630     5
   9  CD2   CT      7    6    5      1.525    109.470    180.000 -0.41630     6
  10  C     C       5    4    3      1.522    111.100    180.000  0.83260     7
  11  O     O2     10    5    4      1.229    120.500      0.000 -0.81990     8
  12  OXT   O2     10    5    4      1.229    120.500    180.000 -0.81990     9
DONE
CILE
   1  DUMM  DU      0   -1   -2      0.000      0.000      0.000  0.00000     0
   2  DUMM  DU      1    0   -1      1.449      0.000      0.000  0.00000     0
   3  DUMM  DU      2    1    0      1.522    111.100      0.000  0.00000     0
   4  N     N       3    2    1      1.335    116.600    180.000 -0.38210     1
   5  CA    CT      4    3    2      1.449    121.900    180.000 -0.31000     2
   6  CB    CT      5    4    3      1.525    109.470     60.000  0.03630     3
   7  CG2   CT      6    5    4      1.525    109.470     60.000 -0.34980     4
   8  CG1   CT      6    5    4      1.525    109.470    180.000 -0.03230     5
   9  CD1   CT      8    6    5      1.525    109.470    180.000 -0.06990     6
  10  C     C       5    4    3      1.522    111.100    180.000  0.83430     7
  11  O     O2     10    5    4      1.229    120.500      0.000 -0.81900     8
  12  OXT   O2     10    5    4      1.229    120.500    180.000 -0.81900     9
DONE
CVAL
   1  DUMM  DU      0   -1   -2      0.000      0.000      0.000  0.00000     0
   2  DUMM  DU      1    0   -1      1.449      0.000      0.000  0.00000     0
   3  DUMM  DU      2    1    0      1.522    111.100      0.000  0.00000     0
   4  N     N       3    2    1      1.335    116.600    180.000 -0.38210     1
   5  CA    CT      4    3    2      1.449    121.900    180.000 -0.34380     2
   6  CB    CT      5    4    3      1.525    111.100     60.000  0.19400     3
   7  CG1   CT      6    5    4      1.525    109.470     60.000 -0.30640     4
   8  CG2   CT      6    5    4      1.525    109.470    180.000 -0.30640     5
   9  C     C       5    4    3      1.522    111.100    180.000  0.83500     6
  10  O     O2      9    5    4      1.229    120.500      0.000 -0.81730     7
  11  OXT   O2      9    5    4      1.229    120.500    180.000 -0.81730     8
DONE
CASN
   1  DUMM  DU      0   -1   -2      0.000      0.000      0.000  0.00000     0
   2  DUMM  DU      1    0   -1      1.449      0.000      0.000  0.00000     0
   3  DUMM  DU      2    1    0      1.522    111.100      0.000  0.00000     0
   4  N     N       3    2    1      1.335    116.600    180.000 -0.38210     1
   5  CA    CT      4    3    2      1.449    121.900    180.000 -0.20800     2
   6  CB    CT      5    4    3      1.525    111.100     60.000 -0.22990     3
   7  CG    C       6    5    4      1.522    111.100    180.000  0.71530     4
   8  OD1   O       7    6    5      1.229    120.500      0.000 -0.60100     5
   9  ND2   N       7    6    5      1.335    116.600    180.000 -0.90840     6
  10  C     C       5    4    3      1.522    111.100    180.000  0.80500     7
  11  O     O2     10    5    4      1.229    120.500      0.000 -0.81470     8
  12  OXT   O2     10    5    4      1.229    120.500    180.000 -0.81470     9
DONE
CGLN
   1  DUMM  DU      0   -1   -2      0.000      0.000      0.000  0.00000     0
   2  DUMM  DU      1    0   -1      1.449      0.000      0.000  0.00000     0
   3  DUMM  DU      2    1    0      1.522    111.100      0.000  0.00000     0
   4  N     N       3    2    1      1.335    116.600    180.000 -0.38210     1
   5  CA    CT      4    3    2      1.449    121.900    180.000 -0.22480     2
   6  CB    CT      5    4    3      1.525    111.100     60.000 -0.06640     3
   7  CG    CT      6    5    4      1.525    109.470    180.000 -0.02100     4
   8  CD    C       7    6    5      1.522    111.100    180.000  0.70930     5
   9  OE1   O       8    7    6      1.229    120.500      0.000 -0.60980     6
  10  NE2   N       8    7    6      1.335    116.600    180.000 -0.95740     7
  11  C     C       5    4    3      1.522    111.100    180.000  0.77750     8
  12  O     O2     11    5    4      1.229    120.500      0.000 -0.80420     9
  13  OXT   O2     11    5    4      1.229    120.500    180.000 -0.80420    10
DONE
CARG
   1  DUMM  DU      0   -1   -2      0.000      0.000      0.000  0.00000     0
   2  DUMM  DU      1    0   -1      1.449      0.000      0.000  0.00000     0
   3  DUMM  DU      2    1    0      1.522    111.100      0.000  0.00000     0
   4  N     N       3    2    1      1.335    116.600    180.000 -0.34810     1
   5  CA    CT      4    3    2      1.449    121.900    180.000 -0.30680     2
   6  CB    CT      5    4    3      1.525    111.100     60.000 -0.03740     3
   7  CG    CT      6    5    4      1.525    109.470    180.000  0.07440     4
   8  CD    CT      7    6    5      1.525    109.470    180.000  0.11140     5
   9  NE    N2      8    7    6      1.480    111.000    180.000 -0.55640     6
  10  CZ    CA      9    8    7      1.330    123.000    180.000  0.83680     7
  11  NH1   N2     10    9    8      1.330    122.000      0.000 -0.87370     8
  12  NH2   N2     10    9    8      1.330    118.000    180.000 -0.87370     9
  13  C     C       5    4    3      1.522    111.100    180.000  0.85570    10
  14  O     O2     13    5    4      1.229    120.500      0.000 -0.82660    11
  15  OXT   O2     13    5    4      1.229    120.500    180.000 -0.82660    12
DONE
CHIS
   1  DUMM  DU      0   -1   -2      0.000      0.000      0.000  0.00000     0
   2  DUMM  DU      1    0   -1      1.449      0.000      0.000  0.00000     0
   3  DUMM  DU      2    1    0      1.522    111.100      0.000  0.00000     0
   4  N     N       3    2    1      1.335    116.600    180.000 -0.38210     1
   5  CA    CT      4    3    2      1.449    121.900    180.000 -0.17390     2
   6  CB    CT      5    4    3      1.525    111.100     60.000 -0.10460     3
   7  CG    CC      6    5    4      1.510    115.000    180.000  0.02930     4
   8  ND1   NA      7    6    5      1.390    122.000    180.000 -0.38920     5
   9  CE1   CR      8    7    6      1.320    108.000    180.000  0.19250     6
  10  NE2   NB      9    8    7      1.310    109.000      0.000 -0.56290     7
  11  CD2   CV     10    9    8      1.360    110.000      0.000  0.10010     8
  12  C     C       5    4    3      1.522    111.100    180.000  0.76150     9
  13  O     O2     12    5    4      1.229    120.500      0.000 -0.80160    10
  14  OXT   O2     12    5    4      1.229    120.500    180.000 -0.80160    11
DONE
CTRP
   1  DUMM  DU      0   -1   -2      0.000      0.000      0.000  0.00000     0
   2  DUMM  DU      1    0   -1      1.449      0.000      0.000  0.00000     0
   3  DUMM  DU      2    1    0      1.522    111.100      0.000  0.00000     0
   4  N     N       3    2    1      1.335    116.600    180.000 -0.38210     1
   5  CA    CT      4    3    2      1.449    121.900    180.000 -0.20840     2
   6  CB    CT      5    4    3      1.525    111.100     60.000 -0.07420     3
   7  CG    C*      6    5    4      1.510    115.000    180.000 -0.07960     4
   8  CD1   CW      7    6    5      1.340    127.000    180.000 -0.18080     5
   9  NE1   NA      8    7    6      1.430    107.000    180.000 -0.33160     6
  10  CE2   CN      9    8    7      1.310    109.000      0.000  0.12220     7
  11  CZ2   CA     10    9    8      1.400    128.000    180.000 -0.25940     8
  12  CH2   CA     11   10    9      1.390    116.000    180.000 -0.10200     9
  13  CZ3   CA     12   11   10      1.350    121.000      0.000 -0.22870    10
  14  CE3   CA     13   12   11      1.410    122.000      0.000 -0.18370    11
  15  CD2   CB     14   13   12      1.400    117.000      0.000  0.10780    12
  16  C     C       5    4    3      1.522    111.100    180.000  0.76580    13
  17  O     O2     16    5    4      1.229    120.500      0.000 -0.80110    14
  18  OXT   O2     16    5    4      1.229    120.500    180.000 -0.80110    15
DONE
CPHE
   1  DUMM  DU      0   -1   -2      0.000      0.000      0.000  0.00000     0
   2  DUMM  DU      1    0   -1      1.449      0.000      0.000  0.00000     0
   3  DUMM  DU      2    1    0      1.522    111.100      0.000  0.00000     0
   4  N     N       3    2    1      1.335    116.600    180.000 -0.38210     1
   5  CA    CT      4    3    2      1.449    121.900    180.000 -0.18250     2
   6  CB    CT      5    4    3      1.525    111.100     60.000 -0.09590     3
   7  CG    CA      6    5    4      1.510    115.000    180.000  0.05520     4
   8  CD1   CA      7    6    5      1.400    120.000    180.000 -0.13000     5
   9  CE1   CA      8    7    6      1.400    120.000    180.000 -0.18470     6
  10  CZ    CA      9    8    7      1.400    120.000      0.000 -0.09440     7
  11  CE2   CA     10    9    8      1.400    120.000      0.000 -0.18470     8
  12  CD2   CA     11   10    9      1.400    120.000      0.000 -0.13000     9
  13  C     C       5    4    3      1.522    111.100    180.000  0.76600    10
  14  O     O2     13    5    4      1.229    120.500      0.000 -0.80260    11
  15  OXT   O2     13    5    4      1.229    120.500    180.000 -0.80260    12
DONE
CTYR
   1  DUMM  DU      0   -1   -2      0.000      0.000      0.000  0.00000     0
   2  DUMM  DU      1    0   -1      1.449      0.000      0.000  0.00000     0
   3  DUMM  DU      2    1    0      1.522    111.100      0.000  0.00000     0
   4  N     N       3    2    1      1.335    116.600    180.000 -0.38210     1
   5  CA    CT      4    3    2      1.449    121.900    180.000 -0.20150     2
   6  CB    CT      5    4    3      1.525    111.100     60.000 -0.07520     3
   7  CG    CA      6    5    4      1.510    109.470    180.000  0.02430     4
   8  CD1   CA      7    6    5      1.400    120.000    180.000 -0.19220     5
   9  CE1   CA      8    7    6      1.400    120.000    180.000 -0.24580     6
  10  CZ    C       9    8    7      1.400    120.000      0.000  0.33950     7
  11  OH    OH     10    9    8      1.360    120.000    180.000 -0.56430     8
  12  CE2   CA     10    9    8      1.400    120.000      0.000 -0.24580     9
  13  CD2   CA     12   10    9      1.400    120.000      0.000 -0.19220    10
  14  C     C       5    4    3      1.522    111.100    180.000  0.78170    11
  15  O     O2     14    5    4      1.229    120.500      0.000 -0.80700    12
  16  OXT   O2     14    5    4      1.229    120.500    180.000 -0.80700    13
DONE
CGLU
   1  DUMM  DU      0   -1   -2      0.000      0.000      0.000  0.00000     0
   2  DUMM  DU      1    0   -1      1.449      0.000      0.000  0.00000     0
   3  DUMM  DU      2    1    0      1.522    111.100      0.000  0.00000     0
   4  N     N       3    2    1      1.335    116.600    180.000 -0.51920     1
   5  CA    CT      4    3    2      1.449    121.900    180.000 -0.20590     2
   6  CB    CT      5    4    3      1.525    111.100     60.000  0.00710     3
   7  CG    CT      6    5    4      1.510    109.470    180.000  0.06750     4
   8  CD    C       7    6    5      1.527    109.470    180.000  0.81830     5
   9  OE1   O2      8    7    6      1.260    117.200     90.000 -0.82200     6
  10  OE2   O2      8    7    6      1.260    117.200    270.000 -0.82200     7
  11  C     C       5    4    3      1.522    111.100    180.000  0.74200     8
  12  O     O2     11    5    4      1.229    120.500      0.000 -0.79300     9
  13  OXT   O2     11    5    4      1.229    120.500    180.000 -0.79300    10
DONE
CASP
   1  DUMM  DU      0   -1   -2      0.000      0.000      0.000  0.00000     0
   2  DUMM  DU      1    0   -1      1.449      0.000      0.000  0.00000     0
   3  DUMM  DU      2    1    0      1.522    111.100      0.000  0.00000     0
   4  N     N       3    2    1      1.335    116.600    180.000 -0.51920     1
   5  CA    CT      4    3    2      1.449    121.900    180.000 -0.18170     2
   6  CB    CT      5    4    3      1.525    111.100     60.000 -0.06770     3
   7  CG    C       6    5    4      1.527    109.470    180.000  0.88510     4
   8  OD1   O2      7    6    5      1.260    117.200     90.000 -0.81620     5
   9  OD2   O2      7    6    5      1.260    117.200    270.000 -0.81620     6
  10  C     C       5    4    3      1.522    111.100    180.000  0.72560     7
  11  O     O2     10    5    4      1.229    120.500      0.000 -0.78870     8
  12  OXT   O2     10    5    4      1.229    120.500    180.000 -0.78870     9
DONE
CLYS
   1  DUMM  DU      0   -1   -2      0.000      0.000      0.000  0.00000     0
   2  DUMM  DU      1    0   -1      1.449      0.000      0.000  0.00000     0
   3  DUMM  DU      2    1    0      1.522    111.100      0.000  0.00000     0
   4  N     N       3    2    1      1.335    116.600    180.000 -0.34810     1
   5  CA    CT      4    3    2      1.449    121.900    180.000 -0.29030     2
   6  CB    CT      5    4    3      1.525    111.100     60.000 -0.05380     3
   7  CG    CT      6    5    4      1.525    109.470    180.000  0.02270     4
   8  CD    CT      7    6    5      1.525    109.470    180.000 -0.03920     5
   9  CE    CT      8    7    6      1.525    109.470    180.000 -0.01760     6
  10  NZ    N3      9    8    7      1.470    109.470    180.000 -0.37410     7
  11  C     C       5    4    3      1.522    111.100    180.000  0.84880     8
  12  O     O2     11    5    4      1.229    120.500      0.000 -0.82520     9
  13  OXT   O2     11    5    4      1.229    120.500    180.000 -0.82520    10
DONE
CPRO
   1  DUMM  DU      0   -1   -2      0.000      0.000      0.000  0.00000     0
   2  DUMM  DU      1    0   -1      1.449      0.000      0.000  0.00000     0
   3  DUMM  DU      2    1    0      1.522    111.100      0.000  0.00000     0
   4  N     N       3    2    1      1.337    117.000    180.000 -0.25480     1
   5  CA    CT      4    3    2      1.451    120.600    175.200 -0.02660     2
   6  CB    CT      5    4    3      1.510    108.900    172.630 -0.00700     3
   7  CG    CT      6    5    4      1.500     99.260    318.500  0.01890     4
   8  CD    CT      7    6    5      1.500    106.050     39.200  0.01920     5
   9  C     C       5    4    3      1.522    109.500    315.000  0.58960     6
  10  O     O2      9    5    4      1.229    120.500      0.000 -0.57480     7
  11  OXT   O2      9    5    4      1.229    120.500    180.000 -0.76970     8
DONE
CCYS
   1  DUMM  DU      0   -1   -2      0.000      0.000      0.000  0.00000     0
   2  DUMM  DU      1    0   -1      1.449      0.000      0.000  0.00000     0
   3  DUMM  DU      2    1    0      1.522    111.100      0.000  0.00000     0
   4  N     N       3    2    1      1.335    116.600    180.000 -0.38210     1
   5  CA    CT      4    3    2      1.449    121.900    180.000 -0.16350     2
   6  CB    CT      5    4    3      1.525    111.100     60.000 -0.19960     3
   7  SG    SH      6    5    4      1.810    116.000    180.000 -0.31020     4
   8  C     C       5    4    3      1.522    111.100    180.000  0.74970     5
   9  O     O2      8    5    4      1.229    120.500      0.000 -0.79810     6
  10  OXT   O2      8    5    4      1.229    120.500    180.000 -0.79810     7
DONE
CCYX
   1  DUMM  DU      0   -1   -2      0.000      0.000      0.000  0.00000     0
   2  DUMM  DU      1    0   -1      1.449      0.000      0.000  0.00000     0
   3  DUMM  DU      2    1    0      1.522    111.100      0.000  0.00000     0
   4  N     N       3    2    1      1.335    116.600    180.000 -0.38210     1
   5  CA    CT      4    3    2      1.449    121.900    180.000 -0.13180     2
   6  CB    CT      5    4    3      1.525    111.100     60.000 -0.19430     3
   7  SG    S       6    5    4      1.810    116.000    180.000 -0.05290     4
   8  C     C       5    4    3      1.522    111.100    180.000  0.76180     5
   9  O     O2      8    5    4      1.229    120.500      0.000 -0.80410     6
  10  OXT   O2      8    5    4      1.229    120.500    180.000 -0.80410     7
DONE
CMET
   1  DUMM  DU      0   -1   -2      0.000      0.000      0.000  0.00000     0
   2  DUMM  DU      1    0   -1      1.449      0.000      0.000  0.00000     0
   3  DUMM  DU      2    1    0      1.522    111.100      0.000  0.00000     0
   4  N     N       3    2    1      1.335    116.600    180.000 -0.38210     1
   5  CA    CT      4    3    2      1.449    121.900    180.000 -0.25970     2
   6  CB    CT      5    4    3      1.525    111.100     60.000 -0.02360     3
   7  CG    CT      6    5    4      1.525    109.470    180.000  0.04920     4
   8  SD    S       7    6    5      1.810    110.000    180.000 -0.26920     5
   9  CE    CT      8    7    6      1.780    100.000    180.000 -0.03760     6
  10  C     C       5    4    3      1.522    111.100    180.000  0.80130     7
  11  O     O2     10    5    4      1.229    120.500      0.000 -0.81050     8
  12  OXT   O2     10    5    4      1.229    120.500    180.000 -0.81050     9
DONE
