ALA 
   1  DUMM  DU      0   -1   -2      0.000      0.000      0.000  0.00000     0
   2  DUMM  DU      1    0   -1      1.449      0.000      0.000  0.00000     0
   3  DUMM  DU      2    1    0      1.522    111.100      0.000  0.00000     0
   4  N     N       3    2    1      1.335    116.600    180.000 -0.41570     1
   5  CA    CT      4    3    2      1.449    121.900    180.000  0.03370     2
   6  CB    CT      5    4    3      1.525    111.100     60.000 -0.18250     3
   7  C     C       5    4    3      1.522    111.100    180.000  0.59730     4
   8  O     O       7    5    4      1.229    120.500      0.000 -0.56790     5
DONE
GLY 
   1  DUMM  DU      0   -1   -2      0.000      0.000      0.000  0.00000     0
   2  DUMM  DU      1    0   -1      1.449      0.000      0.000  0.00000     0
   3  DUMM  DU      2    1    0      1.522    111.100      0.000  0.00000     0
   4  N     N       3    2    1      1.335    116.600    180.000 -0.41570     1
   5  CA    CT      4    3    2      1.449    121.900    180.000 -0.02520     2
   6  C     C       5    4    3      1.522    110.400    180.000  0.59730     3
   7  O     O       6    5    4      1.229    120.500      0.000 -0.56790     4
DONE
SER 
   1  DUMM  DU      0   -1   -2      0.000      0.000      0.000  0.00000     0
   2  DUMM  DU      1    0   -1      1.449      0.000      0.000  0.00000     0
   3  DUMM  DU      2    1    0      1.522    111.100      0.000  0.00000     0
   4  N     N       3    2    1      1.335    116.600    180.000 -0.41570     1
   5  CA    CT      4    3    2      1.449    121.900    180.000 -0.02490     2
   6  CB    CT      5    4    3      1.525    111.100     60.000  0.21170     3
   7  OG    OH      6    5    4      1.430    109.470    180.000 -0.65460     4
   8  C     C       5    4    3      1.522    111.100    180.000  0.59730     5
   9  O     O       8    5    4      1.229    120.500      0.000 -0.56790     6
DONE
THR 
   1  DUMM  DU      0   -1   -2      0.000      0.000      0.000  0.00000     0
   2  DUMM  DU      1    0   -1      1.449      0.000      0.000  0.00000     0
   3  DUMM  DU      2    1    0      1.522    111.100      0.000  0.00000     0
   4  N     N       3    2    1      1.335    116.600    180.000 -0.41570     1
   5  CA    CT      4    3    2      1.449    121.900    180.000 -0.03890     2
   6  CB    CT      5    4    3      1.525    111.100     60.000  0.36540     3
   7  CG2   CT      6    5    4      1.525    109.470    300.000 -0.24380     4
   8  OG1   OH      6    5    4      1.430    109.470     60.000 -0.67610     5
   9  C     C       5    4    3      1.522    111.100    180.000  0.59730     6
  10  O     O       9    5    4      1.229    120.500      0.000 -0.56790     7
DONE
LEU 
   1  DUMM  DU      0   -1   -2      0.000      0.000      0.000  0.00000     0
   2  DUMM  DU      1    0   -1      1.449      0.000      0.000  0.00000     0
   3  DUMM  DU      2    1    0      1.522    111.100      0.000  0.00000     0
   4  N     N       3    2    1      1.335    116.600    180.000 -0.41570     1
   5  CA    CT      4    3    2      1.449    121.900    180.000 -0.05180     2
   6  CB    CT      5    4    3      1.525    111.100     60.000 -0.11020     3
   7  CG    CT      6    5    4      1.525    109.470    180.000  0.35310     4
   8  CD1   CT      7    6    5      1.525    109.470     60.000 -0.41210     5
   9  CD2   CT      7    6    5      1.525    109.470    180.000 -0.41210     6
  10  C     C       5    4    3      1.522    111.100    180.000  0.59730     7
  11  O     O      10    5    4      1.229    120.500      0.000 -0.56790     8
DONE
ILE 
   1  DUMM  DU      0   -1   -2      0.000      0.000      0.000  0.00000     0
   2  DUMM  DU      1    0   -1      1.449      0.000      0.000  0.00000     0
   3  DUMM  DU      2    1    0      1.522    111.100      0.000  0.00000     0
   4  N     N       3    2    1      1.335    116.600    180.000 -0.41570     1
   5  CA    CT      4    3    2      1.449    121.900    180.000 -0.05970     2
   6  CB    CT      5    4    3      1.525    109.470     60.000  0.13030     3
   7  CG2   CT      6    5    4      1.525    109.470     60.000 -0.32040     4
   8  CG1   CT      6    5    4      1.525    109.470    180.000 -0.04300     5
   9  CD1   CT      8    6    5      1.525    109.470    180.000 -0.06600     6
  10  C     C       5    4    3      1.522    111.100    180.000  0.59730     7
  11  O     O      10    5    4      1.229    120.500      0.000 -0.56790     8
DONE
VAL 
   1  DUMM  DU      0   -1   -2      0.000      0.000      0.000  0.00000     0
   2  DUMM  DU      1    0   -1      1.449      0.000      0.000  0.00000     0
   3  DUMM  DU      2    1    0      1.522    111.100      0.000  0.00000     0
   4  N     N       3    2    1      1.335    116.600    180.000 -0.41570     1
   5  CA    CT      4    3    2      1.449    121.900    180.000 -0.08750     2
   6  CB    CT      5    4    3      1.525    111.100     60.000  0.29850     3
   7  CG1   CT      6    5    4      1.525    109.470     60.000 -0.31920     4
   8  CG2   CT      6    5    4      1.525    109.470    180.000 -0.31920     5
   9  C     C       5    4    3      1.522    111.100    180.000  0.59730     6
  10  O     O       9    5    4      1.229    120.500      0.000 -0.56790     7
DONE
ASN 
   1  DUMM  DU      0   -1   -2      0.000      0.000      0.000  0.00000     0
   2  DUMM  DU      1    0   -1      1.449      0.000      0.000  0.00000     0
   3  DUMM  DU      2    1    0      1.522    111.100      0.000  0.00000     0
   4  N     N       3    2    1      1.335    116.600    180.000 -0.41570     1
   5  CA    CT      4    3    2      1.449    121.900    180.000  0.01430     2
   6  CB    CT      5    4    3      1.525    111.100     60.000 -0.20410     3
   7  CG    C       6    5    4      1.522    111.100    180.000  0.71300     4
   8  OD1   O       7    6    5      1.229    120.500      0.000 -0.59310     5
   9  ND2   N       7    6    5      1.335    116.600    180.000 -0.91910     6
  10  C     C       5    4    3      1.522    111.100    180.000  0.59730     7
  11  O     O      10    5    4      1.229    120.500      0.000 -0.56790     8
DONE
GLN 
   1  DUMM  DU      0   -1   -2      0.000      0.000      0.000  0.00000     0
   2  DUMM  DU      1    0   -1      1.449      0.000      0.000  0.00000     0
   3  DUMM  DU      2    1    0      1.522    111.100      0.000  0.00000     0
   4  N     N       3    2    1      1.335    116.600    180.000 -0.41570     1
   5  CA    CT      4    3    2      1.449    121.900    180.000 -0.00310     2
   6  CB    CT      5    4    3      1.525    111.100     60.000 -0.00360     3
   7  CG    CT      6    5    4      1.525    109.470    180.000 -0.06450     4
   8  CD    C       7    6    5      1.522    111.100    180.000  0.69510     5
   9  OE1   O       8    7    6      1.229    120.500      0.000 -0.60860     6
  10  NE2   N       8    7    6      1.335    116.600    180.000 -0.94070     7
  11  C     C       5    4    3      1.522    111.100    180.000  0.59730     8
  12  O     O      11    5    4      1.229    120.500      0.000 -0.56790     9
DONE
ARG 
   1  DUMM  DU      0   -1   -2      0.000      0.000      0.000  0.00000     0
   2  DUMM  DU      1    0   -1      1.449      0.000      0.000  0.00000     0
   3  DUMM  DU      2    1    0      1.522    111.100      0.000  0.00000     0
   4  N     N       3    2    1      1.335    116.600    180.000 -0.34790     1
   5  CA    CT      4    3    2      1.449    121.900    180.000 -0.26370     2
   6  CB    CT      5    4    3      1.525    111.100     60.000 -0.00070     3
   7  CG    CT      6    5    4      1.525    109.470    180.000  0.03900     4
   8  CD    CT      7    6    5      1.525    109.470    180.000  0.04860     5
   9  NE    N2      8    7    6      1.480    111.000    180.000 -0.52950     6
  10  CZ    CA      9    8    7      1.330    123.000    180.000  0.80760     7
  11  NH1   N2     10    9    8      1.330    122.000      0.000 -0.86270     8
  12  NH2   N2     10    9    8      1.330    118.000    180.000 -0.86270     9
  13  C     C       5    4    3      1.522    111.100    180.000  0.73410    10
  14  O     O      13    5    4      1.229    120.500      0.000 -0.58940    11
DONE
HIS
   1  DUMM  DU      0   -1   -2      0.000      0.000      0.000  0.00000     0
   2  DUMM  DU      1    0   -1      1.449      0.000      0.000  0.00000     0
   3  DUMM  DU      2    1    0      1.522    111.100      0.000  0.00000     0
   4  N     N       3    2    1      1.335    116.600    180.000 -0.41570     1
   5  CA    CT      4    3    2      1.449    121.900    180.000  0.01880     2
   6  CB    CT      5    4    3      1.525    111.100     60.000 -0.04620     3
   7  CG    CC      6    5    4      1.510    115.000    180.000 -0.02660     4
   8  ND1   NA      7    6    5      1.390    122.000    180.000 -0.38110     5
   9  CE1   CR      8    7    6      1.320    108.000    180.000  0.20570     6
  10  NE2   NB      9    8    7      1.310    109.000      0.000 -0.57270     7
  11  CD2   CV     10    9    8      1.360    110.000      0.000  0.12920     8
  12  C     C       5    4    3      1.522    111.100    180.000  0.59730     9
  13  O     O      12    5    4      1.229    120.500      0.000 -0.56790    10
DONE
TRP 
   1  DUMM  DU      0   -1   -2      0.000      0.000      0.000  0.00000     0
   2  DUMM  DU      1    0   -1      1.449      0.000      0.000  0.00000     0
   3  DUMM  DU      2    1    0      1.522    111.100      0.000  0.00000     0
   4  N     N       3    2    1      1.335    116.600    180.000 -0.41570     1
   5  CA    CT      4    3    2      1.449    121.900    180.000 -0.02750     2
   6  CB    CT      5    4    3      1.525    111.100     60.000 -0.00500     3
   7  CG    C*      6    5    4      1.510    115.000    180.000 -0.14150     4
   8  CD1   CW      7    6    5      1.340    127.000    180.000 -0.16380     5
   9  NE1   NA      8    7    6      1.430    107.000    180.000 -0.34180     6
  10  CE2   CN      9    8    7      1.310    109.000      0.000  0.13800     7
  11  CZ2   CA     10    9    8      1.400    128.000    180.000 -0.26010     8
  12  CH2   CA     11   10    9      1.390    116.000    180.000 -0.11340     9
  13  CZ3   CA     12   11   10      1.350    121.000      0.000 -0.19720    10
  14  CE3   CA     13   12   11      1.410    122.000      0.000 -0.23870    11
  15  CD2   CB     14   13   12      1.400    117.000      0.000  0.12430    12
  16  C     C       5    4    3      1.522    111.100    180.000  0.59730    13
  17  O     O      16    5    4      1.229    120.500      0.000 -0.56790    14
DONE
PHE 
   1  DUMM  DU      0   -1   -2      0.000      0.000      0.000  0.00000     0
   2  DUMM  DU      1    0   -1      1.449      0.000      0.000  0.00000     0
   3  DUMM  DU      2    1    0      1.522    111.100      0.000  0.00000     0
   4  N     N       3    2    1      1.335    116.600    180.000 -0.41570     1
   5  CA    CT      4    3    2      1.449    121.900    180.000 -0.00240     2
   6  CB    CT      5    4    3      1.525    111.100     60.000 -0.03430     3
   7  CG    CA      6    5    4      1.510    115.000    180.000  0.01180     4
   8  CD1   CA      7    6    5      1.400    120.000    180.000 -0.12560     5
   9  CE1   CA      8    7    6      1.400    120.000    180.000 -0.17040     6
  10  CZ    CA      9    8    7      1.400    120.000      0.000 -0.10720     7
  11  CE2   CA     10    9    8      1.400    120.000      0.000 -0.17040     8
  12  CD2   CA     11   10    9      1.400    120.000      0.000 -0.12560     9
  13  C     C       5    4    3      1.522    111.100    180.000  0.59730    10
  14  O     O      13    5    4      1.229    120.500      0.000 -0.56790    11
DONE
TYR 
   1  DUMM  DU      0   -1   -2      0.000      0.000      0.000  0.00000     0
   2  DUMM  DU      1    0   -1      1.449      0.000      0.000  0.00000     0
   3  DUMM  DU      2    1    0      1.522    111.100      0.000  0.00000     0
   4  N     N       3    2    1      1.335    116.600    180.000 -0.41570     1
   5  CA    CT      4    3    2      1.449    121.900    180.000 -0.00140     2
   6  CB    CT      5    4    3      1.525    111.100     60.000 -0.01520     3
   7  CG    CA      6    5    4      1.510    109.470    180.000 -0.00110     4
   8  CD1   CA      7    6    5      1.400    120.000    180.000 -0.19060     5
   9  CE1   CA      8    7    6      1.400    120.000    180.000 -0.23410     6
  10  CZ    C       9    8    7      1.400    120.000      0.000  0.32260     7
  11  OH    OH     10    9    8      1.360    120.000    180.000 -0.55790     8
  12  CE2   CA     10    9    8      1.400    120.000      0.000 -0.23410     9
  13  CD2   CA     12   10    9      1.400    120.000      0.000 -0.19060    10
  14  C     C       5    4    3      1.522    111.100    180.000  0.59730    11
  15  O     O      14    5    4      1.229    120.500      0.000 -0.56790    12
DONE
GLU 
   1  DUMM  DU      0   -1   -2      0.000      0.000      0.000  0.00000     0
   2  DUMM  DU      1    0   -1      1.449      0.000      0.000  0.00000     0
   3  DUMM  DU      2    1    0      1.522    111.100      0.000  0.00000     0
   4  N     N       3    2    1      1.335    116.600    180.000 -0.51630     1
   5  CA    CT      4    3    2      1.449    121.900    180.000  0.03970     2
   6  CB    CT      5    4    3      1.525    111.100     60.000  0.05600     3
   7  CG    CT      6    5    4      1.510    109.470    180.000  0.01360     4
   8  CD    C       7    6    5      1.527    109.470    180.000  0.80540     5
   9  OE1   O2      8    7    6      1.260    117.200     90.000 -0.81880     6
  10  OE2   O2      8    7    6      1.260    117.200    270.000 -0.81880     7
  11  C     C       5    4    3      1.522    111.100    180.000  0.53660     8
  12  O     O      11    5    4      1.229    120.500      0.000 -0.58190     9
DONE
ASP 
   1  DUMM  DU      0   -1   -2      0.000      0.000      0.000  0.00000     0
   2  DUMM  DU      1    0   -1      1.449      0.000      0.000  0.00000     0
   3  DUMM  DU      2    1    0      1.522    111.100      0.000  0.00000     0
   4  N     N       3    2    1      1.335    116.600    180.000 -0.51630     1
   5  CA    CT      4    3    2      1.449    121.900    180.000  0.03810     2
   6  CB    CT      5    4    3      1.525    111.100     60.000 -0.03030     3
   7  CG    C       6    5    4      1.527    109.470    180.000  0.79940     4
   8  OD1   O2      7    6    5      1.260    117.200     90.000 -0.80140     5
   9  OD2   O2      7    6    5      1.260    117.200    270.000 -0.80140     6
  10  C     C       5    4    3      1.522    111.100    180.000  0.53660     7
  11  O     O      10    5    4      1.229    120.500      0.000 -0.58190     8
DONE
LYS 
   1  DUMM  DU      0   -1   -2      0.000      0.000      0.000  0.00000     0
   2  DUMM  DU      1    0   -1      1.449      0.000      0.000  0.00000     0
   3  DUMM  DU      2    1    0      1.522    111.100      0.000  0.00000     0
   4  N     N       3    2    1      1.335    116.600    180.000 -0.34790     1
   5  CA    CT      4    3    2      1.449    121.900    180.000 -0.24000     2
   6  CB    CT      5    4    3      1.525    111.100     60.000 -0.00940     3
   7  CG    CT      6    5    4      1.525    109.470    180.000  0.01870     4
   8  CD    CT      7    6    5      1.525    109.470    180.000 -0.04790     5
   9  CE    CT      8    7    6      1.525    109.470    180.000 -0.01430     6
  10  NZ    N3      9    8    7      1.470    109.470    180.000 -0.38540     7
  11  C     C       5    4    3      1.522    111.100    180.000  0.73410     8
  12  O     O      11    5    4      1.229    120.500      0.000 -0.58940     9
DONE
LYN 
   1  DUMM  DU      0   -1   -2      0.000      0.000      0.000  0.00000     0
   2  DUMM  DU      1    0   -1      1.449      0.000      0.000  0.00000     0
   3  DUMM  DU      2    1    0      1.522    111.100      0.000  0.00000     0
   4  N     N       3    2    1      1.335    116.600    180.000 -0.41570     1
   5  CA    CT      4    3    2      1.449    121.900    180.000 -0.07206     2
   6  CB    CT      5    4    3      1.525    111.100     60.000 -0.04845     3
   7  CG    CT      6    5    4      1.525    109.470    180.000  0.06612     4
   8  CD    CT      7    6    5      1.525    109.470    180.000 -0.03768     5
   9  CE    CT      8    7    6      1.525    109.470    180.000  0.32604     6
  10  NZ    N3      9    8    7      1.470    109.470    180.000 -1.03581     7
  11  C     C       5    4    3      1.522    111.100    180.000  0.59730     8
  12  O     O      11    5    4      1.229    120.500      0.000 -0.56790     9
DONE
PRO 
   1  DUMM  DU      0   -1   -2      0.000      0.000      0.000  0.00000     0
   2  DUMM  DU      1    0   -1      1.449      0.000      0.000  0.00000     0
   3  DUMM  DU      2    1    0      1.522    111.100      0.000  0.00000     0
   4  N     N       3    2    1      1.337    117.000    180.000 -0.25480     1
   5  CA    CT      4    3    2      1.451    120.600    175.200 -0.02660     2
   6  CB    CT      5    4    3      1.510    108.900    172.630 -0.00700     3
   7  CG    CT      6    5    4      1.500     99.260    318.500  0.01890     4
   8  CD    CT      7    6    5      1.500    106.050     39.200  0.01920     5
   9  C     C       5    4    3      1.522    109.500    315.000  0.58960     6
  10  O     O       9    5    4      1.229    120.500      0.000 -0.57480     7
DONE
CYS 
   1  DUMM  DU      0   -1   -2      0.000      0.000      0.000  0.00000     0
   2  DUMM  DU      1    0   -1      1.449      0.000      0.000  0.00000     0
   3  DUMM  DU      2    1    0      1.522    111.100      0.000  0.00000     0
   4  N     N       3    2    1      1.335    116.600    180.000 -0.41570     1
   5  CA    CT      4    3    2      1.449    121.900    180.000  0.02130     2
   6  CB    CT      5    4    3      1.525    111.100     60.000 -0.12310     3
   7  SG    SH      6    5    4      1.810    116.000    180.000 -0.31190     4
   8  C     C       5    4    3      1.522    111.100    180.000  0.59730     5
   9  O     O       8    5    4      1.229    120.500      0.000 -0.56790     6
DONE
CYM 
   1  DUMM  DU      0   -1   -2      0.000      0.000      0.000 -0.41570     0
   2  DUMM  DU      1    0   -1      1.449      0.000      0.000  0.27190     0
   3  DUMM  DU      2    1    0      1.522    111.100      0.000 -0.03510     0
   4  N     N       3    2    1      1.335    116.600    180.000  0.05080     1
   5  CA    CT      4    3    2      1.449    121.900    180.000  0.11220     2
   6  CB    CT      5    4    3      1.525    111.100     60.000 -0.88440     3
   7  SG    SH      6    5    4      1.810    116.000    180.000  0.00000     4
   8  C     C       5    4    3      1.522    111.100    180.000  0.00000     5
   9  O     O       8    5    4      1.229    120.500      0.000  0.00000     6
DONE
CYX 
   1  DUMM  DU      0   -1   -2      0.000      0.000      0.000  0.00000     0
   2  DUMM  DU      1    0   -1      1.449      0.000      0.000  0.00000     0
   3  DUMM  DU      2    1    0      1.522    111.100      0.000  0.00000     0
   4  N     N       3    2    1      1.335    116.600    180.000 -0.41570     1
   5  CA    CT      4    3    2      1.449    121.900    180.000  0.04290     2
   6  CB    CT      5    4    3      1.525    111.100     60.000 -0.07900     3
   7  SG    S       6    5    4      1.810    116.000    180.000 -0.10810     4
   8  C     C       5    4    3      1.522    111.100    180.000  0.59730     5
   9  O     O       8    5    4      1.229    120.500      0.000 -0.56790     6
DONE
MET 
   1  DUMM  DU      0   -1   -2      0.000      0.000      0.000  0.00000     0
   2  DUMM  DU      1    0   -1      1.449      0.000      0.000  0.00000     0
   3  DUMM  DU      2    1    0      1.522    111.100      0.000  0.00000     0
   4  N     N       3    2    1      1.335    116.600    180.000 -0.41570     1
   5  CA    CT      4    3    2      1.449    121.900    180.000 -0.02370     2
   6  CB    CT      5    4    3      1.525    111.100     60.000  0.03420     3
   7  CG    CT      6    5    4      1.525    109.470    180.000  0.00180     4
   8  SD    S       7    6    5      1.810    110.000    180.000 -0.27370     5
   9  CE    CT      8    7    6      1.780    100.000    180.000 -0.05360     6
  10  C     C       5    4    3      1.522    111.100    180.000  0.59730     7
  11  O     O      10    5    4      1.229    120.500      0.000 -0.56790     8
DONE
NME 
   1  DUMM  DU      0   -1   -2      0.000      0.000      0.000  0.00000     0
   2  DUMM  DU      1    0   -1      1.449      0.000      0.000  0.00000     0
   3  DUMM  DU      2    1    0      1.522    111.100      0.000  0.00000     0
   4  N     N       3    2    1      1.335    116.600    180.000 -0.41570     1
   5  CH3   CT      4    3    2      1.449    121.900    180.000 -0.14900     2
DONE
NHE 
   1  DUMM  DU      0   -1   -2      0.000      0.000      0.000 -0.46300     0
   2  DUMM  DU      1    0   -1      1.000      0.000      0.000  0.23150     0
   3  DUMM  DU      2    1    0      1.000     90.000      0.000  0.23150     0
   4  N     N       3    2    1      1.335    116.600    180.000  0.00000     1
DONE
ASH 
   1  DUMM  DU      0   -1   -2      0.000      0.000      0.000  0.00000     0
   2  DUMM  DU      1    0   -1      1.449      0.000      0.000  0.00000     0
   3  DUMM  DU      2    1    0      1.522    111.100      0.000  0.00000     0
   4  N     N       3    2    1      1.335    116.600    180.000 -0.41570     1
   5  CA    CT      4    3    2      1.449    121.900    180.000  0.03410     2
   6  CB    CT      5    4    3      1.525    111.100     60.000 -0.03160     3
   7  CG    C       6    5    4      1.527    109.470    180.000  0.64620     4
   8  OD1   O       7    6    5      1.260    117.200     90.000 -0.55540     5
   9  OD2   OH      7    6    5      1.260    117.200    270.000 -0.63760     6
  10  C     C       5    4    3      1.522    111.100    180.000  0.59730     7
  11  O     O      10    5    4      1.229    120.500      0.000 -0.56790     8
DONE
GLH 
   1  DUMM  DU      0   -1   -2      0.000      0.000      0.000  0.00000     0
   2  DUMM  DU      1    0   -1      1.449      0.000      0.000  0.00000     0
   3  DUMM  DU      2    1    0      1.522    111.100      0.000  0.00000     0
   4  N     N       3    2    1      1.335    116.600    180.000 -0.41570     1
   5  CA    CT      4    3    2      1.449    121.900    180.000  0.01450     2
   6  CB    CT      5    4    3      1.525    111.100     60.000 -0.00710     3
   7  CG    CT      6    5    4      1.510    109.470    180.000 -0.01740     4
   8  CD    C       7    6    5      1.527    109.470    180.000  0.68010     5
   9  OE1   O       8    7    6      1.260    117.200     90.000 -0.58380     6
  10  OE2   OH      8    7    6      1.260    117.200    270.000 -0.65110     7
  11  C     C       5    4    3      1.522    111.100    180.000  0.59730     8
  12  O     O      11    5    4      1.229    120.500      0.000 -0.56790     9
DONE
CIP 
   1  DUMM  DU      0   -1   -2      0.000      0.000      0.000  0.00000     0
   2  DUMM  DU      1    0   -1      1.000      0.000      0.000  0.00000     0
   3  DUMM  DU      2    1    0      1.000     90.000      0.000  0.00000     0
   4  NA+   IP      3    2    1      1.000     90.000    180.000  1.00000     1
DONE
CIM 
   1  DUMM  DU      0   -1   -2      0.000      0.000      0.000  0.00000     0
   2  DUMM  DU      1    0   -1      1.000      0.000      0.000  0.00000     0
   3  DUMM  DU      2    1    0      1.000     90.000      0.000  0.00000     0
   4  CL-   IM      3    2    1      1.000     90.000    180.000 -1.00000     1
DONE
