ALA
   1  DUMM  DU      0   -1   -2      0.000      0.000      0.000  0.00000     0
   2  DUMM  DU      1    0   -1      1.449      0.000      0.000  0.00000     0
   3  DUMM  DU      2    1    0      1.522    111.100      0.000  0.00000     0
   4  N     N       3    2    1      1.335    116.600    180.000  0.00000     1
   5  CA    P4      4    3    2      1.449    121.900    180.000  0.00000     2
   6  C     C       5    4    3      1.522    111.100    180.000  0.00000     3
DONE
GLY
   1  DUMM  DU      0   -1   -2      0.000      0.000      0.000  0.00000     0
   2  DUMM  DU      1    0   -1      1.449      0.000      0.000  0.00000     0
   3  DUMM  DU      2    1    0      1.522    111.100      0.000  0.00000     0
   4  N     N       3    2    1      1.335    116.600    180.000  0.00000     1
   5  CA    P5      4    3    2      1.449    121.900    180.000  0.00000     2
   6  C     C       5    4    3      1.522    110.400    180.000  0.00000     3
DONE
SER
   1  DUMM  DU      0   -1   -2      0.000      0.000      0.000  0.00000     0
   2  DUMM  DU      1    0   -1      1.449      0.000      0.000  0.00000     0
   3  DUMM  DU      2    1    0      1.522    111.100      0.000  0.00000     0
   4  N     N       3    2    1      1.335    116.600    180.000  0.00000     1
   5  CA    P5      4    3    2      1.449    121.900    180.000  0.00000     2
   6  SC1   P1      5    4    3      2.550    100.000    180.000  0.00000     3
   7  C     C       5    4    3      1.522    111.100    180.000  0.00000     4
DONE
THR
   1  DUMM  DU      0   -1   -2      0.000      0.000      0.000  0.00000     0
   2  DUMM  DU      1    0   -1      1.449      0.000      0.000  0.00000     0
   3  DUMM  DU      2    1    0      1.522    111.100      0.000  0.00000     0
   4  N     N       3    2    1      1.335    116.600    180.000  0.00000     1
   5  CA    P5      4    3    2      1.449    121.900    180.000  0.00000     2
   6  SC1   P1      5    4    3      2.550    100.000    180.000  0.00000     3
   7  C     C       5    4    3      1.522    111.100    180.000  0.00000     4
DONE
LEU
   1  DUMM  DU      0   -1   -2      0.000      0.000      0.000  0.00000     0
   2  DUMM  DU      1    0   -1      1.449      0.000      0.000  0.00000     0
   3  DUMM  DU      2    1    0      1.522    111.100      0.000  0.00000     0
   4  N     N       3    2    1      1.335    116.600    180.000  0.00000     1
   5  CA    P5      4    3    2      1.449    121.900    180.000  0.00000     2
   6  SC1   C1      5    4    3      3.250    100.000    180.000  0.00000     3
   7  C     C       5    4    3      1.522    111.100    180.000  0.00000     4
DONE
ILE
   1  DUMM  DU      0   -1   -2      0.000      0.000      0.000  0.00000     0
   2  DUMM  DU      1    0   -1      1.449      0.000      0.000  0.00000     0
   3  DUMM  DU      2    1    0      1.522    111.100      0.000  0.00000     0
   4  N     N       3    2    1      1.335    116.600    180.000  0.00000     1
   5  CA    P5      4    3    2      1.449    121.900    180.000  0.00000     2
   6  SC1   C1      5    4    3      3.250    100.000    180.000  0.00000     3
   7  C     C       5    4    3      1.522    111.100    180.000  0.00000     4
DONE
VAL
   1  DUMM  DU      0   -1   -2      0.000      0.000      0.000  0.00000     0
   2  DUMM  DU      1    0   -1      1.449      0.000      0.000  0.00000     0
   3  DUMM  DU      2    1    0      1.522    111.100      0.000  0.00000     0
   4  N     N       3    2    1      1.335    116.600    180.000  0.00000     1
   5  CA    P5      4    3    2      1.449    121.900    180.000  0.00000     2
   6  SC1   C2      5    4    3      2.650    100.000    180.000  0.00000     3
   7  C     C       5    4    3      1.522    111.100    180.000  0.00000     4
DONE
ASN
   1  DUMM  DU      0   -1   -2      0.000      0.000      0.000  0.00000     0
   2  DUMM  DU      1    0   -1      1.449      0.000      0.000  0.00000     0
   3  DUMM  DU      2    1    0      1.522    111.100      0.000  0.00000     0
   4  N     N       3    2    1      1.335    116.600    180.000  0.00000     1
   5  CA    P5      4    3    2      1.449    121.900    180.000  0.00000     2
   6  SC1   P5      5    4    3      3.200    100.000    180.000  0.00000     3
   7  C     C       5    4    3      1.522    111.100    180.000  0.00000     4
DONE
GLN
   1  DUMM  DU      0   -1   -2      0.000      0.000      0.000  0.00000     0
   2  DUMM  DU      1    0   -1      1.449      0.000      0.000  0.00000     0
   3  DUMM  DU      2    1    0      1.522    111.100      0.000  0.00000     0
   4  N     N       3    2    1      1.335    116.600    180.000  0.00000     1
   5  CA    P5      4    3    2      1.449    121.900    180.000  0.00000     2
   6  SC1   P4      5    4    3      4.000    100.000    180.000  0.00000     3
   7  C     C       5    4    3      1.522    111.100    180.000  0.00000     4
DONE
ARG
   1  DUMM  DU      0   -1   -2      0.000      0.000      0.000  0.00000     0
   2  DUMM  DU      1    0   -1      1.449      0.000      0.000  0.00000     0
   3  DUMM  DU      2    1    0      1.522    111.100      0.000  0.00000     0
   4  N     N       3    2    1      1.335    116.600    180.000  0.00000     1
   5  CA    P5      4    3    2      1.449    121.900    180.000  0.00000     2
   6  SC1   N0      5    4    3      3.300    100.000    180.000  0.00000     3
   7  SC2   Qd      6    5    4      3.400    180.000    180.000  1.00000     4
   8  C     C       5    4    3      1.522    111.100    180.000  0.00000     5
DONE
HIS 
   1  DUMM  DU      0   -1   -2      0.000      0.000      0.000  0.00000     0
   2  DUMM  DU      1    0   -1      1.449      0.000      0.000  0.00000     0
   3  DUMM  DU      2    1    0      1.522    111.100      0.000  0.00000     0
   4  N     N       3    2    1      1.335    116.600    180.000  0.00000     1
   5  CA    P5      4    3    2      1.449    121.900    180.000  0.00000     2
   6  SC1   SC4     5    4    3      3.100    100.000    180.000  0.00000     3
   7  SC2   SP1     6    5    4      2.700    150.000    180.000  0.00000     4
   8  SC3   SP1     7    6    5      2.700     60.000    180.000  0.00000     5
   9  C     C       5    4    3      1.522    111.100    180.000  0.00000     6
DONE
TRP
   1  DUMM  DU      0   -1   -2      0.000      0.000      0.000  0.00000     0
   2  DUMM  DU      1    0   -1      1.449      0.000      0.000  0.00000     0
   3  DUMM  DU      2    1    0      1.522    111.100      0.000  0.00000     0
   4  N     N       3    2    1      1.335    116.600    180.000  0.00000     1
   5  CA    P5      4    3    2      1.449    121.900    180.000  0.00000     2
   6  SC1   SC4     5    4    3      3.300    100.000    180.000  0.00000     3
   7  SC2   SP1     6    5    4      2.700     90.000    180.000 -0.03000     4
   8  SC3   SC4     6    5    4      2.700    210.000    180.000  0.06000     5
   9  SC4   SC4     8    7    6      2.700     60.000      0.000 -0.36000     6
  10  C     C       5    4    3      1.522    111.100    180.000  0.00000     7
DONE
PHE
   1  DUMM  DU      0   -1   -2      0.000      0.000      0.000  0.00000     0
   2  DUMM  DU      1    0   -1      1.449      0.000      0.000  0.00000     0
   3  DUMM  DU      2    1    0      1.522    111.100      0.000  0.00000     0
   4  N     N       3    2    1      1.335    116.600    180.000  0.00000     1
   5  CA    P5      4    3    2      1.449    121.900    180.000  0.00000     2
   6  SC1   SC4     5    4    3      2.700    100.000    180.000  0.00000     3
   7  SC2   SC4     6    5    4      2.700    150.000    180.000  0.00000     4
   8  SC3   SC4     7    6    5      2.700     60.000    180.000  0.00000     5
   9  C     C       5    4    3      1.522    111.100    180.000  0.00000     6
DONE
TYR
   1  DUMM  DU      0   -1   -2      0.000      0.000      0.000  0.00000     0
   2  DUMM  DU      1    0   -1      1.449      0.000      0.000  0.00000     0
   3  DUMM  DU      2    1    0      1.522    111.100      0.000  0.00000     0
   4  N     N       3    2    1      1.335    116.600    180.000  0.00000     1
   5  CA    P5      4    3    2      1.449    121.900    180.000  0.00000     2
   6  SC1   SC4     5    4    3      2.700    100.000    180.000  0.00000     3
   7  SC2   SC4     6    5    4      2.700    150.000    180.000  0.00000     4
   8  SC3   SP1     7    6    5      2.700     60.000      0.000  0.00000     5
   9  C     C       5    4    3      1.522    111.100    180.000  0.00000     6
DONE
GLU
   1  DUMM  DU      0   -1   -2      0.000      0.000      0.000  0.00000     0
   2  DUMM  DU      1    0   -1      1.449      0.000      0.000  0.00000     0
   3  DUMM  DU      2    1    0      1.522    111.100      0.000  0.00000     0
   4  N     N       3    2    1      1.335    116.600    180.000  0.00000     1
   5  CA    P5      4    3    2      1.449    121.900    180.000  0.00000     2
   6  SC1   QaE     5    4    3      4.000    100.000    180.000 -1.00000     3
   7  C     C       5    4    3      1.522    111.100    180.000  0.00000     4
DONE
ASP
   1  DUMM  DU      0   -1   -2      0.000      0.000      0.000  0.00000     0
   2  DUMM  DU      1    0   -1      1.449      0.000      0.000  0.00000     0
   3  DUMM  DU      2    1    0      1.522    111.100      0.000  0.00000     0
   4  N     N       3    2    1      1.335    116.600    180.000  0.00000     1
   5  CA    P5      4    3    2      1.449    121.900    180.000  0.00000     2
   6  SC1   QaD     5    4    3      3.200    100.000    180.000 -1.00000     3
   7  C     C       5    4    3      1.522    111.100    180.000  0.00000     4
DONE
LYS
   1  DUMM  DU      0   -1   -2      0.000      0.000      0.000  0.00000     0
   2  DUMM  DU      1    0   -1      1.449      0.000      0.000  0.00000     0
   3  DUMM  DU      2    1    0      1.522    111.100      0.000  0.00000     0
   4  N     N       3    2    1      1.335    116.600    180.000  0.00000     1
   5  CA    P5      4    3    2      1.449    121.900    180.000  0.00000     2
   6  SC1   C3      5    4    3      3.300    100.000    180.000  0.00000     3
   7  SC2   Qd      6    5    4      2.800    180.000    180.000  1.00000     4
   8  C     C       5    4    3      1.522    111.100    180.000  0.00000     5
DONE
PRO
   1  DUMM  DU      0   -1   -2      0.000      0.000      0.000  0.00000     0
   2  DUMM  DU      1    0   -1      1.449      0.000      0.000  0.00000     0
   3  DUMM  DU      2    1    0      1.522    111.100      0.000  0.00000     0
   4  N     N       3    2    1      1.337    117.000    180.000  0.00000     1
   5  CA    Na      4    3    2      1.451    120.600    175.200  0.00000     2
   6  SC1   C2      5    4    3      3.000    100.000    180.000  0.00000     3
   7  C     C       5    4    3      1.522    109.500    315.000  0.00000     4
DONE
CYS
   1  DUMM  DU      0   -1   -2      0.000      0.000      0.000  0.00000     0
   2  DUMM  DU      1    0   -1      1.449      0.000      0.000  0.00000     0
   3  DUMM  DU      2    1    0      1.522    111.100      0.000  0.00000     0
   4  N     N       3    2    1      1.335    116.600    180.000  0.00000     1
   5  CA    P5      4    3    2      1.449    121.900    180.000  0.00000     2 
   6  SC1   C5C     5    4    3      3.100    100.000    180.000  0.00000     3
   7  C     C       5    4    3      1.522    111.100    180.000  0.00000     4
DONE
MET
   1  DUMM  DU      0   -1   -2      0.000      0.000      0.000  0.00000     0
   2  DUMM  DU      1    0   -1      1.449      0.000      0.000  0.00000     0
   3  DUMM  DU      2    1    0      1.522    111.100      0.000  0.00000     0
   4  N     N       3    2    1      1.335    116.600    180.000  0.00000     1
   5  CA    P5      4    3    2      1.449    121.900    180.000  0.00000     2
   6  SC1   C5M     5    4    3      4.000    100.000    180.000  0.00000     3
   7  C     C       5    4    3      1.522    111.100    180.000  0.00000     4
DONE
