NALA
   1  DUMM  DU      0   -1   -2      0.000      0.000      0.000  0.00000     0
   2  DUMM  DU      1    0   -1      1.449      0.000      0.000  0.00000     0
   3  DUMM  DU      2    1    0      1.522    111.100      0.000  0.00000     0
   4  N     N3      3    2    1      1.335    116.600    180.000  0.14140     1
   5  CA    CT      4    3    2      1.449    121.900    180.000  0.09620     2
   6  CB    CT      5    4    3      1.525    111.100     60.000 -0.05970     3
   7  C     C       5    4    3      1.522    111.100    180.000  0.61630     4
   8  O     O       7    5    4      1.229    120.500      0.000 -0.57220     5
DONE
NGLY
   1  DUMM  DU      0   -1   -2      0.000      0.000      0.000  0.00000     0
   2  DUMM  DU      1    0   -1      1.449      0.000      0.000  0.00000     0
   3  DUMM  DU      2    1    0      1.522    111.100      0.000  0.00000     0
   4  N     N3      3    2    1      1.335    116.600    180.000  0.29430     1
   5  CA    CT      4    3    2      1.449    121.900    180.000 -0.01000     2
   6  C     C       5    4    3      1.522    110.400    180.000  0.61630     3
   7  O     O       6    5    4      1.229    120.500      0.000 -0.57220     4
DONE
NSER
   1  DUMM  DU      0   -1   -2      0.000      0.000      0.000  0.00000     0
   2  DUMM  DU      1    0   -1      1.449      0.000      0.000  0.00000     0
   3  DUMM  DU      2    1    0      1.522    111.100      0.000  0.00000     0
   4  N     N3      3    2    1      1.335    116.600    180.000  0.18490     1
   5  CA    CT      4    3    2      1.449    121.900    180.000  0.05670     2
   6  CB    CT      5    4    3      1.525    111.100     60.000  0.25960     3
   7  OG    OH      6    5    4      1.430    109.470    180.000 -0.67140     4
   8  C     C       5    4    3      1.522    111.100    180.000  0.61630     5
   9  O     O       8    5    4      1.229    120.500      0.000 -0.57220     6
DONE
NTHR
   1  DUMM  DU      0   -1   -2      0.000      0.000      0.000  0.00000     0
   2  DUMM  DU      1    0   -1      1.449      0.000      0.000  0.00000     0
   3  DUMM  DU      2    1    0      1.522    111.100      0.000  0.00000     0
   4  N     N3      3    2    1      1.335    116.600    180.000  0.18120     1
   5  CA    CT      4    3    2      1.449    121.900    180.000  0.00340     2
   6  CB    CT      5    4    3      1.525    111.100     60.000  0.45140     3
   7  CG2   CT      6    5    4      1.525    109.470    300.000 -0.25540     4
   8  OG1   OH      6    5    4      1.430    109.470     60.000 -0.67640     5
   9  C     C       5    4    3      1.522    111.100    180.000  0.61630     6
  10  O     O       9    5    4      1.229    120.500      0.000 -0.57220     7
DONE
NLEU
   1  DUMM  DU      0   -1   -2      0.000      0.000      0.000  0.00000     0
   2  DUMM  DU      1    0   -1      1.449      0.000      0.000  0.00000     0
   3  DUMM  DU      2    1    0      1.522    111.100      0.000  0.00000     0
   4  N     N3      3    2    1      1.335    116.600    180.000  0.10100     1
   5  CA    CT      4    3    2      1.449    121.900    180.000  0.01040     2
   6  CB    CT      5    4    3      1.525    111.100     60.000 -0.02440     3
   7  CG    CT      6    5    4      1.525    109.470    180.000  0.34210     4
   8  CD1   CT      7    6    5      1.525    109.470     60.000 -0.41060     5
   9  CD2   CT      7    6    5      1.525    109.470    180.000 -0.41040     6
  10  C     C       5    4    3      1.522    111.100    180.000  0.61230     7
  11  O     O      10    5    4      1.229    120.500      0.000 -0.57130     8
DONE
NILE
   1  DUMM  DU      0   -1   -2      0.000      0.000      0.000  0.00000     0
   2  DUMM  DU      1    0   -1      1.449      0.000      0.000  0.00000     0
   3  DUMM  DU      2    1    0      1.522    111.100      0.000  0.00000     0
   4  N     N3      3    2    1      1.335    116.600    180.000  0.03110     1
   5  CA    CT      4    3    2      1.449    121.900    180.000  0.02570     2
   6  CB    CT      5    4    3      1.525    109.470     60.000  0.18850     3
   7  CG2   CT      6    5    4      1.525    109.470     60.000 -0.37200     4
   8  CG1   CT      6    5    4      1.525    109.470    180.000 -0.03870     5
   9  CD1   CT      8    6    5      1.525    109.470    180.000 -0.09080     6
  10  C     C       5    4    3      1.522    111.100    180.000  0.61230     7
  11  O     O      10    5    4      1.229    120.500      0.000 -0.57130     8
DONE
NVAL
   1  DUMM  DU      0   -1   -2      0.000      0.000      0.000  0.00000     0
   2  DUMM  DU      1    0   -1      1.449      0.000      0.000  0.00000     0
   3  DUMM  DU      2    1    0      1.522    111.100      0.000  0.00000     0
   4  N     N3      3    2    1      1.335    116.600    180.000  0.05770     1
   5  CA    CT      4    3    2      1.449    121.900    180.000 -0.00540     2
   6  CB    CT      5    4    3      1.525    111.100     60.000  0.31960     3
   7  CG1   CT      6    5    4      1.525    109.470     60.000 -0.31290     4
   8  CG2   CT      6    5    4      1.525    109.470    180.000 -0.31290     5
   9  C     C       5    4    3      1.522    111.100    180.000  0.61630     6
  10  O     O       9    5    4      1.229    120.500      0.000 -0.57220     7
DONE
NASN
   1  DUMM  DU      0   -1   -2      0.000      0.000      0.000  0.00000     0
   2  DUMM  DU      1    0   -1      1.449      0.000      0.000  0.00000     0
   3  DUMM  DU      2    1    0      1.522    111.100      0.000  0.00000     0
   4  N     N3      3    2    1      1.335    116.600    180.000  0.18010     1
   5  CA    CT      4    3    2      1.449    121.900    180.000  0.03680     2
   6  CB    CT      5    4    3      1.525    111.100     60.000 -0.02830     3
   7  CG    C       6    5    4      1.522    111.100    180.000  0.58330     4
   8  OD1   O       7    6    5      1.229    120.500      0.000 -0.57440     5
   9  ND2   N       7    6    5      1.335    116.600    180.000 -0.86340     6
  10  C     C       5    4    3      1.522    111.100    180.000  0.61630     7
  11  O     O      10    5    4      1.229    120.500      0.000 -0.57220     8
DONE
NGLN
   1  DUMM  DU      0   -1   -2      0.000      0.000      0.000  0.00000     0
   2  DUMM  DU      1    0   -1      1.449      0.000      0.000  0.00000     0
   3  DUMM  DU      2    1    0      1.522    111.100      0.000  0.00000     0
   4  N     N3      3    2    1      1.335    116.600    180.000  0.14930     1
   5  CA    CT      4    3    2      1.449    121.900    180.000  0.05360     2
   6  CB    CT      5    4    3      1.525    111.100     60.000  0.06510     3
   7  CG    CT      6    5    4      1.525    109.470    180.000 -0.09030     4
   8  CD    C       7    6    5      1.522    111.100    180.000  0.73540     5
   9  OE1   O       8    7    6      1.229    120.500      0.000 -0.61330     6
  10  NE2   N       8    7    6      1.335    116.600    180.000 -1.00310     7
  11  C     C       5    4    3      1.522    111.100    180.000  0.61230     8
  12  O     O      11    5    4      1.229    120.500      0.000 -0.57130     9
DONE
NARG
   1  DUMM  DU      0   -1   -2      0.000      0.000      0.000  0.00000     0
   2  DUMM  DU      1    0   -1      1.449      0.000      0.000  0.00000     0
   3  DUMM  DU      2    1    0      1.522    111.100      0.000  0.00000     0
   4  N     N3      3    2    1      1.335    116.600    180.000  0.13050     1
   5  CA    CT      4    3    2      1.449    121.900    180.000 -0.02230     2
   6  CB    CT      5    4    3      1.525    111.100     60.000  0.01180     3
   7  CG    CT      6    5    4      1.525    109.470    180.000  0.02360     4
   8  CD    CT      7    6    5      1.525    109.470    180.000  0.09350     5
   9  NE    N2      8    7    6      1.480    111.000    180.000 -0.56500     6
  10  CZ    CA      9    8    7      1.330    123.000    180.000  0.82810     7
  11  NH1   N2     10    9    8      1.330    122.000      0.000 -0.86930     8
  12  NH2   N2     10    9    8      1.330    118.000    180.000 -0.86930     9
  13  C     C       5    4    3      1.522    111.100    180.000  0.72140    10
  14  O     O      13    5    4      1.229    120.500      0.000 -0.60130    11
DONE
NHIS
   1  DUMM  DU      0   -1   -2      0.000      0.000      0.000  0.00000     0
   2  DUMM  DU      1    0   -1      1.449      0.000      0.000  0.00000     0
   3  DUMM  DU      2    1    0      1.522    111.100      0.000  0.00000     0
   4  N     N3      3    2    1      1.335    116.600    180.000  0.15420     1
   5  CA    CT      4    3    2      1.449    121.900    180.000  0.09640     2
   6  CB    CT      5    4    3      1.525    111.100     60.000  0.02590     3
   7  CG    CC      6    5    4      1.510    115.000    180.000 -0.03990     4
   8  ND1   NA      7    6    5      1.390    122.000    180.000 -0.38190     5
   9  CE1   CR      8    7    6      1.320    108.000    180.000  0.21270     6
  10  NE2   NB      9    8    7      1.310    109.000      0.000 -0.57110     7
  11  CD2   CV     10    9    8      1.360    110.000      0.000  0.10460     8
  12  C     C       5    4    3      1.522    111.100    180.000  0.61230     9
  13  O     O      12    5    4      1.229    120.500      0.000 -0.57130    10
DONE
NTRP
   1  DUMM  DU      0   -1   -2      0.000      0.000      0.000  0.00000     0
   2  DUMM  DU      1    0   -1      1.449      0.000      0.000  0.00000     0
   3  DUMM  DU      2    1    0      1.522    111.100      0.000  0.00000     0
   4  N     N3      3    2    1      1.335    116.600    180.000  0.19130     1
   5  CA    CT      4    3    2      1.449    121.900    180.000  0.04210     2
   6  CB    CT      5    4    3      1.525    111.100     60.000  0.05430     3
   7  CG    C*      6    5    4      1.510    115.000    180.000 -0.16540     4
   8  CD1   CW      7    6    5      1.340    127.000    180.000 -0.17880     5
   9  NE1   NA      8    7    6      1.430    107.000    180.000 -0.34440     6
  10  CE2   CN      9    8    7      1.310    109.000      0.000  0.15750     7
  11  CZ2   CA     10    9    8      1.400    128.000    180.000 -0.27100     8
  12  CH2   CA     11   10    9      1.390    116.000    180.000 -0.10800     9
  13  CZ3   CA     12   11   10      1.350    121.000      0.000 -0.20340    10
  14  CE3   CA     13   12   11      1.410    122.000      0.000 -0.22650    11
  15  CD2   CB     14   13   12      1.400    117.000      0.000  0.11320    12
  16  C     C       5    4    3      1.522    111.100    180.000  0.61230    13
  17  O     O      16    5    4      1.229    120.500      0.000 -0.57130    14
DONE
NPHE
   1  DUMM  DU      0   -1   -2      0.000      0.000      0.000  0.00000     0
   2  DUMM  DU      1    0   -1      1.449      0.000      0.000  0.00000     0
   3  DUMM  DU      2    1    0      1.522    111.100      0.000  0.00000     0
   4  N     N3      3    2    1      1.335    116.600    180.000  0.17370     1
   5  CA    CT      4    3    2      1.449    121.900    180.000  0.07330     2
   6  CB    CT      5    4    3      1.525    111.100     60.000  0.03300     3
   7  CG    CA      6    5    4      1.510    115.000    180.000  0.00310     4
   8  CD1   CA      7    6    5      1.400    120.000    180.000 -0.13920     5
   9  CE1   CA      8    7    6      1.400    120.000    180.000 -0.16020     6
  10  CZ    CA      9    8    7      1.400    120.000      0.000 -0.12080     7
  11  CE2   CA     10    9    8      1.400    120.000      0.000 -0.16030     8
  12  CD2   CA     11   10    9      1.400    120.000      0.000 -0.13910     9
  13  C     C       5    4    3      1.522    111.100    180.000  0.61230    10
  14  O     O      13    5    4      1.229    120.500      0.000 -0.57130    11
DONE
NTYR
   1  DUMM  DU      0   -1   -2      0.000      0.000      0.000  0.00000     0
   2  DUMM  DU      1    0   -1      1.449      0.000      0.000  0.00000     0
   3  DUMM  DU      2    1    0      1.522    111.100      0.000  0.00000     0
   4  N     N3      3    2    1      1.335    116.600    180.000  0.19400     1
   5  CA    CT      4    3    2      1.449    121.900    180.000  0.05700     2
   6  CB    CT      5    4    3      1.525    111.100     60.000  0.06590     3
   7  CG    CA      6    5    4      1.510    109.470    180.000 -0.02050     4
   8  CD1   CA      7    6    5      1.400    120.000    180.000 -0.20020     5
   9  CE1   CA      8    7    6      1.400    120.000    180.000 -0.22390     6
  10  CZ    C       9    8    7      1.400    120.000      0.000  0.31390     7
  11  OH    OH     10    9    8      1.360    120.000    180.000 -0.55780     8
  12  CE2   CA     10    9    8      1.400    120.000      0.000 -0.22390     9
  13  CD2   CA     12   10    9      1.400    120.000      0.000 -0.20020    10
  14  C     C       5    4    3      1.522    111.100    180.000  0.61230    11
  15  O     O      14    5    4      1.229    120.500      0.000 -0.57130    12
DONE
NGLU
   1  DUMM  DU      0   -1   -2      0.000      0.000      0.000  0.00000     0
   2  DUMM  DU      1    0   -1      1.449      0.000      0.000  0.00000     0
   3  DUMM  DU      2    1    0      1.522    111.100      0.000  0.00000     0
   4  N     N3      3    2    1      1.335    116.600    180.000  0.00170     1
   5  CA    CT      4    3    2      1.449    121.900    180.000  0.05880     2
   6  CB    CT      5    4    3      1.525    111.100     60.000  0.09090     3
   7  CG    CT      6    5    4      1.510    109.470    180.000 -0.02360     4
   8  CD    C       7    6    5      1.527    109.470    180.000  0.80870     5
   9  OE1   O2      8    7    6      1.260    117.200     90.000 -0.81890     6
  10  OE2   O2      8    7    6      1.260    117.200    270.000 -0.81890     7
  11  C     C       5    4    3      1.522    111.100    180.000  0.56210     8
  12  O     O      11    5    4      1.229    120.500      0.000 -0.58890     9
DONE
NASP
   1  DUMM  DU      0   -1   -2      0.000      0.000      0.000  0.00000     0
   2  DUMM  DU      1    0   -1      1.449      0.000      0.000  0.00000     0
   3  DUMM  DU      2    1    0      1.522    111.100      0.000  0.00000     0
   4  N     N3      3    2    1      1.335    116.600    180.000  0.07820     1
   5  CA    CT      4    3    2      1.449    121.900    180.000  0.02920     2
   6  CB    CT      5    4    3      1.525    111.100     60.000 -0.02350     3
   7  CG    C       6    5    4      1.527    109.470    180.000  0.81940     4
   8  OD1   O2      7    6    5      1.260    117.200     90.000 -0.80840     5
   9  OD2   O2      7    6    5      1.260    117.200    270.000 -0.80840     6
  10  C     C       5    4    3      1.522    111.100    180.000  0.56210     7
  11  O     O      10    5    4      1.229    120.500      0.000 -0.58890     8
DONE
NLYS
   1  DUMM  DU      0   -1   -2      0.000      0.000      0.000  0.00000     0
   2  DUMM  DU      1    0   -1      1.449      0.000      0.000  0.00000     0
   3  DUMM  DU      2    1    0      1.522    111.100      0.000  0.00000     0
   4  N     N3      3    2    1      1.335    116.600    180.000  0.09660     1
   5  CA    CT      4    3    2      1.449    121.900    180.000 -0.00150     2
   6  CB    CT      5    4    3      1.525    111.100     60.000  0.02120     3
   7  CG    CT      6    5    4      1.525    109.470    180.000 -0.00480     4
   8  CD    CT      7    6    5      1.525    109.470    180.000 -0.06080     5
   9  CE    CT      8    7    6      1.525    109.470    180.000 -0.01810     6
  10  NZ    N3      9    8    7      1.470    109.470    180.000 -0.37640     7
  11  C     C       5    4    3      1.522    111.100    180.000  0.72140     8
  12  O     O      11    5    4      1.229    120.500      0.000 -0.60130     9
DONE
NPRO
   1  DUMM  DU      0   -1   -2      0.000      0.000      0.000  0.00000     0
   2  DUMM  DU      1    0   -1      1.449      0.000      0.000  0.00000     0
   3  DUMM  DU      2    1    0      1.522    111.100      0.000  0.00000     0
   4  N     N       3    2    1      1.337    117.000    180.000 -0.25480     1
   5  CA    CT      4    3    2      1.451    120.600    175.200 -0.02660     2
   6  CB    CT      5    4    3      1.510    108.900    172.630 -0.00700     3
   7  CG    CT      6    5    4      1.500     99.260    318.500  0.01890     4
   8  CD    CT      7    6    5      1.500    106.050     39.200  0.01920     5
   9  C     C       5    4    3      1.522    109.500    315.000  0.58960     6
  10  O     O       9    5    4      1.229    120.500      0.000 -0.57480     7
DONE
NCYS
   1  DUMM  DU      0   -1   -2      0.000      0.000      0.000  0.00000     0
   2  DUMM  DU      1    0   -1      1.449      0.000      0.000  0.00000     0
   3  DUMM  DU      2    1    0      1.522    111.100      0.000  0.00000     0
   4  N     N3      3    2    1      1.335    116.600    180.000  0.13250     1
   5  CA    CT      4    3    2      1.449    121.900    180.000  0.09270     2
   6  CB    CT      5    4    3      1.525    111.100     60.000 -0.11950     3
   7  SG    SH      6    5    4      1.810    116.000    180.000 -0.32980     4
   8  C     C       5    4    3      1.522    111.100    180.000  0.61230     5
   9  O     O       8    5    4      1.229    120.500      0.000 -0.57130     6
DONE
NCYX
   1  DUMM  DU      0   -1   -2      0.000      0.000      0.000  0.00000     0
   2  DUMM  DU      1    0   -1      1.449      0.000      0.000  0.00000     0
   3  DUMM  DU      2    1    0      1.522    111.100      0.000  0.00000     0
   4  N     N3      3    2    1      1.335    116.600    180.000  0.20690     1
   5  CA    CT      4    3    2      1.449    121.900    180.000  0.10550     2
   6  CB    CT      5    4    3      1.525    111.100     60.000 -0.02770     3
   7  SG    S       6    5    4      1.810    116.000    180.000 -0.09840     4
   8  C     C       5    4    3      1.522    111.100    180.000  0.61230     5
   9  O     O       8    5    4      1.229    120.500      0.000 -0.57130     6
DONE
NMET
   1  DUMM  DU      0   -1   -2      0.000      0.000      0.000  0.00000     0
   2  DUMM  DU      1    0   -1      1.449      0.000      0.000  0.00000     0
   3  DUMM  DU      2    1    0      1.522    111.100      0.000  0.00000     0
   4  N     N3      3    2    1      1.335    116.600    180.000  0.15920     1
   5  CA    CT      4    3    2      1.449    121.900    180.000  0.02210     2
   6  CB    CT      5    4    3      1.525    111.100     60.000  0.08650     3
   7  CG    CT      6    5    4      1.525    109.470    180.000  0.03340     4
   8  SD    S       7    6    5      1.810    110.000    180.000 -0.27740     5
   9  CE    CT      8    7    6      1.780    100.000    180.000 -0.03410     6
  10  C     C       5    4    3      1.522    111.100    180.000  0.61230     7
  11  O     O      10    5    4      1.229    120.500      0.000 -0.57130     8
DONE
