ALA
   1  DUMM  DU       0   -1   -2      0.000      0.000      0.000  0.00000     0
   2  DUMM  DU       1    0   -1      1.449      0.000      0.000  0.00000     0
   3  DUMM  DU       2    1    0      1.522    111.100      0.000  0.00000     0
   4  N     NH1      3    2    1      1.335    116.600    180.000 -0.47000     1
   5  H     H        4    3    2      1.010    119.800      0.000  0.31000     2
   6  CA    CT1      4    3    2      1.449    121.900    180.000  0.07000     3
   7  HA    HB       6    4    3      1.090    109.500    300.000  0.09000     4
   8  CB    CT3      6    4    3      1.525    111.100     60.000 -0.27000     5
   9  HB1   HA       8    6    4      1.090    109.500     60.000  0.09000     6
  10  HB2   HA       8    6    4      1.090    109.500    180.000  0.09000     7
  11  HB3   HA       8    6    4      1.090    109.500    300.000  0.09000     8
  12  C     C        6    4    3      1.522    111.100    180.000  0.51000     9
  13  O     O       12    6    4      1.229    120.500      0.000 -0.51000    10
DONE
ARG
   1  DUMM  DU       0   -1   -2      0.000      0.000      0.000  0.00000     0
   2  DUMM  DU       1    0   -1      1.449      0.000      0.000  0.00000     0
   3  DUMM  DU       2    1    0      1.522    111.100      0.000  0.00000     0
   4  N     NH1      3    2    1      1.335    116.600    180.000 -0.47000     1
   5  H     H        4    3    2      1.010    119.800      0.000  0.31000     2
   6  CA    CT1      4    3    2      1.449    121.900    180.000  0.07000     3
   7  HA    HB       6    4    3      1.090    109.500    300.000  0.09000     4
   8  CB    CT2      6    4    3      1.525    111.100     60.000 -0.18000     5
   9  HB2   HA       8    6    4      1.090    109.500    300.000  0.09000     6
  10  HB3   HA       8    6    4      1.090    109.500     60.000  0.09000     7
  11  CG    CT2      8    6    4      1.525    109.470    180.000 -0.18000     8
  12  HG2   HA      11    8    6      1.090    109.500    300.000  0.09000     9
  13  HG3   HA      11    8    6      1.090    109.500     60.000  0.09000    10
  14  CD    CT2     11    8    6      1.525    109.470    180.000  0.20000    11
  15  HD2   HA      14   11    8      1.090    109.500    300.000  0.09000    12
  16  HD3   HA      14   11    8      1.090    109.500     60.000  0.09000    13
  17  NE    NC2     14   11    8      1.480    111.000    180.000 -0.70000    14
  18  HE    HC      17   14   11      1.010    118.500      0.000  0.44000    15
  19  CZ    C       17   14   11      1.330    123.000    180.000  0.64000    16
  20  NH1   NC2     19   17   14      1.330    122.000      0.000 -0.80000    17
  21  HH11  HC      20   19   17      1.010    119.800      0.000  0.46000    18
  22  HH12  HC      20   19   17      1.010    119.800    180.000  0.46000    19
  23  NH2   NC2     19   17   14      1.330    118.000    180.000 -0.80000    20
  24  HH21  HC      23   19   17      1.010    119.800      0.000  0.46000    21
  25  HH22  HC      23   19   17      1.010    119.800    180.000  0.46000    22
  26  C     C        6    4    3      1.522    111.100    180.000  0.51000    23
  27  O     O       26    6    4      1.229    120.500      0.000 -0.51000    24
DONE
ASN
   1  DUMM  DU       0   -1   -2      0.000      0.000      0.000  0.00000     0
   2  DUMM  DU       1    0   -1      1.449      0.000      0.000  0.00000     0
   3  DUMM  DU       2    1    0      1.522    111.100      0.000  0.00000     0
   4  N     NH1      3    2    1      1.335    116.600    180.000 -0.47000     1
   5  H     H        4    3    2      1.010    119.800      0.000  0.31000     2
   6  CA    CT1      4    3    2      1.449    121.900    180.000  0.07000     3
   7  HA    HB       6    4    3      1.090    109.500    300.000  0.09000     4
   8  CB    CT2      6    4    3      1.525    111.100     60.000 -0.18000     5
   9  HB2   HA       8    6    4      1.090    109.500    300.000  0.09000     6
  10  HB3   HA       8    6    4      1.090    109.500     60.000  0.09000     7
  11  CG    CC       8    6    4      1.522    111.100    180.000  0.55000     8
  12  OD1   O       11    8    6      1.229    120.500      0.000 -0.55000     9
  13  ND2   NH2     11    8    6      1.335    116.600    180.000 -0.62000    10
  14  HD21  H       13   11    8      1.010    119.800    180.000  0.32000    11
  15  HD22  H       13   11    8      1.010    119.800      0.000  0.30000    12
  16  C     C        6    4    3      1.522    111.100    180.000  0.51000    13
  17  O     O       16    6    4      1.229    120.500      0.000 -0.51000    14
DONE
ASP
   1  DUMM  DU       0   -1   -2      0.000      0.000      0.000  0.00000     0
   2  DUMM  DU       1    0   -1      1.449      0.000      0.000  0.00000     0
   3  DUMM  DU       2    1    0      1.522    111.100      0.000  0.00000     0
   4  N     NH1      3    2    1      1.335    116.600    180.000 -0.47000     1
   5  H     H        4    3    2      1.010    119.800      0.000  0.31000     2
   6  CA    CT1      4    3    2      1.449    121.900    180.000  0.07000     3
   7  HA    HB       6    4    3      1.090    109.500    300.000  0.09000     4
   8  CB    CT2      6    4    3      1.525    111.100     60.000 -0.28000     5
   9  HB2   HA       8    6    4      1.090    109.500    300.000  0.09000     6
  10  HB3   HA       8    6    4      1.090    109.500     60.000  0.09000     7
  11  CG    CC       8    6    4      1.527    109.470    180.000  0.62000     8
  12  OD1   OC      11    8    6      1.260    117.200     90.000 -0.76000     9
  13  OD2   OC      11    8    6      1.260    117.200    270.000 -0.76000    10
  14  C     C        6    4    3      1.522    111.100    180.000  0.51000    11
  15  O     O       14    6    4      1.229    120.500      0.000 -0.51000    12
DONE
ASH
   1  DUMM  DU       0   -1   -2      0.000      0.000      0.000  0.00000     0
   2  DUMM  DU       1    0   -1      1.449      0.000      0.000  0.00000     0
   3  DUMM  DU       2    1    0      1.522    111.100      0.000  0.00000     0
   4  N     NH1      3    2    1      1.335    116.600    180.000 -0.47000     1
   5  H     H        4    3    2      1.010    119.800      0.000  0.31000     2
   6  CA    CT1      4    3    2      1.449    121.900    180.000  0.07000     3
   7  HA    HB       6    4    3      1.090    109.500    300.000  0.09000     4
   8  CB    CT2      6    4    3      1.525    111.100     60.000 -0.21000     5
   9  HB2   HA       8    6    4      1.090    109.500    300.000  0.09000     6
  10  HB3   HA       8    6    4      1.090    109.500     60.000  0.09000     7
  11  CG    CD       8    6    4      1.527    109.470    180.000  0.75000     8
  12  OD1   OB      11    8    6      1.260    117.200     90.000 -0.55000     9
  13  OD2   OH1     11    8    6      1.260    117.200    270.000 -0.61000    10
  14  HD2   H       13   11    8      0.960    109.500    180.000  0.44000    11
  15  C     C        6    4    3      1.522    111.100    180.000  0.51000    12
  16  O     O       15    6    4      1.229    120.500      0.000 -0.51000    13
DONE
CYS
   1  DUMM  DU       0   -1   -2      0.000      0.000      0.000  0.00000     0
   2  DUMM  DU       1    0   -1      1.449      0.000      0.000  0.00000     0
   3  DUMM  DU       2    1    0      1.522    111.100      0.000  0.00000     0
   4  N     NH1      3    2    1      1.335    116.600    180.000 -0.47000     1
   5  H     H        4    3    2      1.010    119.800      0.000  0.31000     2
   6  CA    CT1      4    3    2      1.449    121.900    180.000  0.07000     3
   7  HA    HB       6    4    3      1.090    109.500    300.000  0.09000     4
   8  CB    CT2      6    4    3      1.525    111.100     60.000 -0.11000     5
   9  HB2   HA       8    6    4      1.090    109.500    300.000  0.09000     6
  10  HB3   HA       8    6    4      1.090    109.500     60.000  0.09000     7
  11  SG    S        8    6    4      1.810    116.000    180.000 -0.23000     8
  12  HG    HS      11    8    6      1.330     96.000    180.000  0.16000     9
  13  C     C        6    4    3      1.522    111.100    180.000  0.51000    10
  14  O     O       13    6    4      1.229    120.500      0.000 -0.51000    11
DONE
GLN
   1  DUMM  DU       0   -1   -2      0.000      0.000      0.000  0.00000     0
   2  DUMM  DU       1    0   -1      1.449      0.000      0.000  0.00000     0
   3  DUMM  DU       2    1    0      1.522    111.100      0.000  0.00000     0
   4  N     NH1      3    2    1      1.335    116.600    180.000 -0.47000     1
   5  H     H        4    3    2      1.010    119.800      0.000  0.31000     2
   6  CA    CT1      4    3    2      1.449    121.900    180.000  0.07000     3
   7  HA    HB       6    4    3      1.090    109.500    300.000  0.09000     4
   8  CB    CT2      6    4    3      1.525    111.100     60.000 -0.18000     5
   9  HB2   HA       8    6    4      1.090    109.500    300.000  0.09000     6
  10  HB3   HA       8    6    4      1.090    109.500     60.000  0.09000     7
  11  CG    CT2      8    6    4      1.525    109.470    180.000 -0.18000     8
  12  HG2   HA      11    8    6      1.090    109.500    300.000  0.09000     9
  13  HG3   HA      11    8    6      1.090    109.500     60.000  0.09000    10
  14  CD    CC      11    8    6      1.522    111.100    180.000  0.55000    11
  15  OE1   O       14   11    8      1.229    120.500      0.000 -0.55000    12
  16  NE2   NH2     14   11    8      1.335    116.600    180.000 -0.62000    13
  17  HE21  H       16   14   11      1.010    119.800    180.000  0.32000    14
  18  HE22  H       16   14   11      1.010    119.800      0.000  0.30000    15
  19  C     C        6    4    3      1.522    111.100    180.000  0.51000    16
  20  O     O       19    6    4      1.229    120.500      0.000 -0.51000    17
DONE
GLU
   1  DUMM  DU       0   -1   -2      0.000      0.000      0.000  0.00000     0
   2  DUMM  DU       1    0   -1      1.449      0.000      0.000  0.00000     0
   3  DUMM  DU       2    1    0      1.522    111.100      0.000  0.00000     0
   4  N     NH1      3    2    1      1.335    116.600    180.000 -0.47000     1
   5  H     H        4    3    2      1.010    119.800      0.000  0.31000     2
   6  CA    CT1      4    3    2      1.449    121.900    180.000  0.07000     3
   7  HA    HB       6    4    3      1.090    109.500    300.000  0.09000     4
   8  CB    CT2      6    4    3      1.525    111.100     60.000 -0.18000     5
   9  HB2   HA       8    6    4      1.090    109.500    300.000  0.09000     6
  10  HB3   HA       8    6    4      1.090    109.500     60.000  0.09000     7
  11  CG    CT2      8    6    4      1.510    109.470    180.000 -0.28000     8
  12  HG2   HA      11    8    6      1.090    109.500    300.000  0.09000     9
  13  HG3   HA      11    8    6      1.090    109.500     60.000  0.09000    10
  14  CD    CC      11    8    6      1.527    109.470    180.000  0.62000    11
  15  OE1   OC      14   11    8      1.260    117.200     90.000 -0.76000    12
  16  OE2   OC      14   11    8      1.260    117.200    270.000 -0.76000    13
  17  C     C        6    4    3      1.522    111.100    180.000  0.51000    14
  18  O     O       17    6    4      1.229    120.500      0.000 -0.51000    15
DONE
GLH
   1  DUMM  DU       0   -1   -2      0.000      0.000      0.000  0.00000     0
   2  DUMM  DU       1    0   -1      1.449      0.000      0.000  0.00000     0
   3  DUMM  DU       2    1    0      1.522    111.100      0.000  0.00000     0
   4  N     NH1      3    2    1      1.335    116.600    180.000 -0.47000     1
   5  H     H        4    3    2      1.010    119.800      0.000  0.31000     2
   6  CA    CT1      4    3    2      1.449    121.900    180.000  0.07000     3
   7  HA    HB       6    4    3      1.090    109.500    300.000  0.09000     4
   8  CB    CT2      6    4    3      1.525    111.100     60.000 -0.18000     5
   9  HB2   HA       8    6    4      1.090    109.500    300.000  0.09000     6
  10  HB3   HA       8    6    4      1.090    109.500     60.000  0.09000     7
  11  CG    CT2      8    6    4      1.510    109.470    180.000 -0.21000     8
  12  HG2   HA      11    8    6      1.090    109.500    300.000  0.09000     9
  13  HG3   HA      11    8    6      1.090    109.500     60.000  0.09000    10
  14  CD    CD      11    8    6      1.527    109.470    180.000  0.75000    11
  15  OE1   OB      14   11    8      1.260    117.200     90.000 -0.55000    12
  16  OE2   OH1     14   11    8      1.260    117.200    270.000 -0.61000    13
  17  HE2   H       16   14   11      0.960    109.500    180.000  0.44000    14
  18  C     C        6    4    3      1.522    111.100    180.000  0.51000    15
  19  O     O       18    6    4      1.229    120.500      0.000 -0.51000    16
DONE
GLY
   1  DUMM  DU       0   -1   -2      0.000      0.000      0.000  0.00000     0
   2  DUMM  DU       1    0   -1      1.449      0.000      0.000  0.00000     0
   3  DUMM  DU       2    1    0      1.522    111.100      0.000  0.00000     0
   4  N     NH1      3    2    1      1.335    116.600    180.000 -0.47000     1
   5  H     H        4    3    2      1.010    119.800      0.000  0.31000     2
   6  CA    CT2      4    3    2      1.449    121.900    180.000 -0.02000     3
   7  HA2   HB       6    4    3      1.090    109.500    300.000  0.09000     4
   8  HA3   HB       6    4    3      1.090    109.500     60.000  0.09000     5
   9  C     C        6    4    3      1.522    110.400    180.000  0.51000     6
  10  O     O        9    6    4      1.229    120.500      0.000 -0.51000     7
DONE
HID
   1  DUMM  DU       0   -1   -2      0.000      0.000      0.000  0.00000     0
   2  DUMM  DU       1    0   -1      1.449      0.000      0.000  0.00000     0
   3  DUMM  DU       2    1    0      1.522    111.100      0.000  0.00000     0
   4  N     NH1      3    2    1      1.335    116.600    180.000 -0.47000     1
   5  H     H        4    3    2      1.010    119.800      0.000  0.31000     2
   6  CA    CT1      4    3    2      1.449    121.900    180.000  0.07000     3
   7  HA    HB       6    4    3      1.090    109.500    300.000  0.09000     4
   8  CB    CT2      6    4    3      1.525    111.100     60.000 -0.09000     5
   9  HB2   HA       8    6    4      1.090    109.500    300.000  0.09000     6
  10  HB3   HA       8    6    4      1.090    109.500     60.000  0.09000     7
  11  CG    CPH1     8    6    4      1.510    115.000    180.000 -0.05000     8
  12  ND1   NR1     11    8    6      1.390    122.000    180.000 -0.36000     9
  13  HD1   H       12   11    8      1.010    126.000      0.000  0.32000    10
  14  CE1   CPH2    12   11    8      1.320    108.000    180.000  0.25000    11
  15  HE1   HR1     14   12   11      1.090    120.000    180.000  0.13000    12
  16  NE2   NR2     14   12   11      1.310    109.000      0.000 -0.70000    13
  17  CD2   CPH1    16   14   12      1.360    110.000      0.000  0.22000    14
  18  HD2   HR3     17   16   14      1.090    120.000    180.000  0.10000    15
  19  C     C        6    4    3      1.522    111.100    180.000  0.51000    16
  20  O     O       19    6    4      1.229    120.500      0.000 -0.51000    17
DONE
HIE
   1  DUMM  DU       0   -1   -2      0.000      0.000      0.000  0.00000     0
   2  DUMM  DU       1    0   -1      1.449      0.000      0.000  0.00000     0
   3  DUMM  DU       2    1    0      1.522    111.100      0.000  0.00000     0
   4  N     NH1      3    2    1      1.335    116.600    180.000 -0.47000     1
   5  H     H        4    3    2      1.010    119.800      0.000  0.31000     2
   6  CA    CT1      4    3    2      1.449    121.900    180.000  0.07000     3
   7  HA    HB       6    4    3      1.090    109.500    300.000  0.09000     4
   8  CB    CT2      6    4    3      1.525    111.100     60.000 -0.08000     5
   9  HB2   HA       8    6    4      1.090    109.500    300.000  0.09000     6
  10  HB3   HA       8    6    4      1.090    109.500     60.000  0.09000     7
  11  CG    CPH1     8    6    4      1.510    115.000    180.000  0.22000     8
  12  ND1   NR2     11    8    6      1.390    122.000    180.000 -0.70000     9
  13  CE1   CPH2    12   11    8      1.320    108.000    180.000  0.25000    10
  14  HE1   HR1     13   12   11      1.090    120.000    180.000  0.13000    11
  15  NE2   NR1     13   12   11      1.310    109.000      0.000 -0.36000    12
  16  HE2   H       15   13   12      1.010    125.000    180.000  0.32000    13
  17  CD2   CPH1    15   13   12      1.360    110.000      0.000 -0.05000    14
  18  HD2   HR3     17   15   13      1.090    120.000    180.000  0.09000    15
  19  C     C        6    4    3      1.522    111.100    180.000  0.51000    16
  20  O     O       19    6    4      1.229    120.500      0.000 -0.51000    17
DONE
HIP
   1  DUMM  DU       0   -1   -2      0.000      0.000      0.000  0.00000     0
   2  DUMM  DU       1    0   -1      1.449      0.000      0.000  0.00000     0
   3  DUMM  DU       2    1    0      1.522    111.100      0.000  0.00000     0
   4  N     NH1      3    2    1      1.335    116.600    180.000 -0.47000     1
   5  H     H        4    3    2      1.010    119.800      0.000  0.31000     2
   6  CA    CT1      4    3    2      1.449    121.900    180.000  0.07000     3
   7  HA    HB       6    4    3      1.090    109.500    300.000  0.09000     4
   8  CB    CT2      6    4    3      1.525    111.100     60.000 -0.05000     5
   9  HB2   HA       8    6    4      1.090    109.500    300.000  0.09000     6
  10  HB3   HA       8    6    4      1.090    109.500     60.000  0.09000     7
  11  CG    CPH1     8    6    4      1.510    115.000    180.000  0.19000     8
  12  ND1   NR3     11    8    6      1.390    122.000    180.000 -0.51000     9
  13  HD1   H       12   11    8      1.010    126.000      0.000  0.44000    10
  14  CE1   CPH2    12   11    8      1.320    108.000    180.000  0.32000    11
  15  HE1   HR2     14   12   11      1.090    120.000    180.000  0.18000    12
  16  NE2   NR3     14   12   11      1.310    109.000      0.000 -0.51000    13
  17  HE2   H       16   14   12      1.010    125.000    180.000  0.44000    14
  18  CD2   CPH1    16   14   12      1.360    110.000      0.000  0.19000    15
  19  HD2   HR1     18   16   14      1.090    120.000    180.000  0.13000    16
  20  C     C        6    4    3      1.522    111.100    180.000  0.51000    17
  21  O     O       20    6    4      1.229    120.500      0.000 -0.51000    18
DONE
ILE
   1  DUMM  DU       0   -1   -2      0.000      0.000      0.000  0.00000     0
   2  DUMM  DU       1    0   -1      1.449      0.000      0.000  0.00000     0
   3  DUMM  DU       2    1    0      1.522    111.100      0.000  0.00000     0
   4  N     NH1      3    2    1      1.335    116.600    180.000 -0.47000     1
   5  H     H        4    3    2      1.010    119.800      0.000  0.31000     2
   6  CA    CT1      4    3    2      1.449    121.900    180.000  0.07000     3
   7  HA    HB       6    4    3      1.090    109.500    300.000  0.09000     4
   8  CB    CT1      6    4    3      1.525    109.470     60.000 -0.09000     5
   9  HB    HA       8    6    4      1.090    109.500    300.000  0.09000     6
  10  CG2   CT3      8    6    4      1.525    109.470     60.000 -0.27000     7
  11  HG21  HA      10    8    6      1.090    109.500     60.000  0.09000     8
  12  HG22  HA      10    8    6      1.090    109.500    180.000  0.09000     9
  13  HG23  HA      10    8    6      1.090    109.500    300.000  0.09000    10
  14  CG1   CT2      8    6    4      1.525    109.470    180.000 -0.18000    11
  15  HG12  HA      14    8    6      1.090    109.500    300.000  0.09000    12
  16  HG13  HA      14    8    6      1.090    109.500     60.000  0.09000    13
  17  CD1   CT3     14    8    6      1.525    109.470    180.000 -0.27000    14
  18  HD11  HA      17   14    8      1.090    109.500     60.000  0.09000    15
  19  HD12  HA      17   14    8      1.090    109.500    180.000  0.09000    16
  20  HD13  HA      17   14    8      1.090    109.500    300.000  0.09000    17
  21  C     C        6    4    3      1.522    111.100    180.000  0.51000    18
  22  O     O       21    6    4      1.229    120.500      0.000 -0.51000    19
DONE
LEU
   1  DUMM  DU       0   -1   -2      0.000      0.000      0.000  0.00000     0
   2  DUMM  DU       1    0   -1      1.449      0.000      0.000  0.00000     0
   3  DUMM  DU       2    1    0      1.522    111.100      0.000  0.00000     0
   4  N     NH1      3    2    1      1.335    116.600    180.000 -0.47000     1
   5  H     H        4    3    2      1.010    119.800      0.000  0.31000     2
   6  CA    CT1      4    3    2      1.449    121.900    180.000  0.07000     3
   7  HA    HB       6    4    3      1.090    109.500    300.000  0.09000     4
   8  CB    CT2      6    4    3      1.525    111.100     60.000 -0.18000     5
   9  HB2   HA       8    6    4      1.090    109.500    300.000  0.09000     6
  10  HB3   HA       8    6    4      1.090    109.500     60.000  0.09000     7
  11  CG    CT1      8    6    4      1.525    109.470    180.000 -0.09000     8
  12  HG    HA      11    8    6      1.090    109.500    300.000  0.09000     9
  13  CD1   CT3     11    8    6      1.525    109.470     60.000 -0.27000    10
  14  HD11  HA      13   11    8      1.090    109.500     60.000  0.09000    11
  15  HD12  HA      13   11    8      1.090    109.500    180.000  0.09000    12
  16  HD13  HA      13   11    8      1.090    109.500    300.000  0.09000    13
  17  CD2   CT3     11    8    6      1.525    109.470    180.000 -0.27000    14
  18  HD21  HA      17   11    8      1.090    109.500     60.000  0.09000    15
  19  HD22  HA      17   11    8      1.090    109.500    180.000  0.09000    16
  20  HD23  HA      17   11    8      1.090    109.500    300.000  0.09000    17
  21  C     C        6    4    3      1.522    111.100    180.000  0.51000    18
  22  O     O       21    6    4      1.229    120.500      0.000 -0.51000    19
DONE
LYS
   1  DUMM  DU       0   -1   -2      0.000      0.000      0.000  0.00000     0
   2  DUMM  DU       1    0   -1      1.449      0.000      0.000  0.00000     0
   3  DUMM  DU       2    1    0      1.522    111.100      0.000  0.00000     0
   4  N     NH1      3    2    1      1.335    116.600    180.000 -0.47000     1
   5  H     H        4    3    2      1.010    119.800      0.000  0.31000     2
   6  CA    CT1      4    3    2      1.449    121.900    180.000  0.07000     3
   7  HA    HB       6    4    3      1.090    109.500    300.000  0.09000     4
   8  CB    CT2      6    4    3      1.525    111.100     60.000 -0.18000     5
   9  HB2   HA       8    6    4      1.090    109.500    300.000  0.09000     6
  10  HB3   HA       8    6    4      1.090    109.500     60.000  0.09000     7
  11  CG    CT2      8    6    4      1.525    109.470    180.000 -0.18000     8
  12  HG2   HA      11    8    6      1.090    109.500    300.000  0.09000     9
  13  HG3   HA      11    8    6      1.090    109.500     60.000  0.09000    10
  14  CD    CT2     11    8    6      1.525    109.470    180.000 -0.18000    11
  15  HD2   HA      14   11    8      1.090    109.500    300.000  0.09000    12
  16  HD3   HA      14   11    8      1.090    109.500     60.000  0.09000    13
  17  CE    CT2     14   11    8      1.525    109.470    180.000  0.21000    14
  18  HE2   HA      17   14   11      1.090    109.500    300.000  0.05000    15
  19  HE3   HA      17   14   11      1.090    109.500     60.000  0.05000    16
  20  NZ    NH3     17   14   11      1.470    109.470    180.000 -0.30000    17
  21  HZ1   HC      20   17   14      1.010    109.470     60.000  0.33000    18
  22  HZ2   HC      20   17   14      1.010    109.470    180.000  0.33000    19
  23  HZ3   HC      20   17   14      1.010    109.470    300.000  0.33000    20
  24  C     C        6    4    3      1.522    111.100    180.000  0.51000    21
  25  O     O       24    6    4      1.229    120.500      0.000 -0.51000    22
DONE
LYN
   1  DUMM  DU       0   -1   -2      0.000      0.000      0.000  0.00000     0
   2  DUMM  DU       1    0   -1      1.449      0.000      0.000  0.00000     0
   3  DUMM  DU       2    1    0      1.522    111.100      0.000  0.00000     0
   4  N     NH1      3    2    1      1.335    116.600    180.000 -0.47000     1
   5  H     H        4    3    2      1.010    119.800      0.000  0.31000     2
   6  CA    CT1      4    3    2      1.449    121.900    180.000  0.07000     3
   7  HA    HB       6    4    3      1.090    109.500    300.000  0.09000     4
   8  CB    CT2      6    4    3      1.525    111.100     60.000 -0.18000     5
   9  HB2   HA       8    6    4      1.090    109.500    300.000  0.09000     6
  10  HB3   HA       8    6    4      1.090    109.500     60.000  0.09000     7
  11  CG    CT2      8    6    4      1.525    109.470    180.000 -0.18000     8
  12  HG2   HA      11    8    6      1.090    109.500    300.000  0.09000     9
  13  HG3   HA      11    8    6      1.090    109.500     60.000  0.09000    10
  14  CD    CT2     11    8    6      1.525    109.470    180.000 -0.18000    11
  15  HD2   HA      14   11    8      1.090    109.500    300.000  0.09000    12
  16  HD3   HA      14   11    8      1.090    109.500     60.000  0.09000    13
  17  CE    CT2     14   11    8      1.525    109.470    180.000  0.13000    14
  18  HE2   HA      17   14   11      1.090    109.500    300.000  0.07500    15
  19  HE3   HA      17   14   11      1.090    109.500     60.000  0.07500    16
  20  NZ    NH2     17   14   11      1.470    109.470    180.000 -0.96000    17
  21  HZ2   HC      20   17   14      1.010    109.470    180.000  0.34000    18
  22  HZ3   HC      20   17   14      1.010    109.470    300.000  0.34000    19
  23  C     C        6    4    3      1.522    111.100    180.000  0.51000    20
  24  O     O       23    6    4      1.229    120.500      0.000 -0.51000    21
DONE
MET
   1  DUMM  DU       0   -1   -2      0.000      0.000      0.000  0.00000     0
   2  DUMM  DU       1    0   -1      1.449      0.000      0.000  0.00000     0
   3  DUMM  DU       2    1    0      1.522    111.100      0.000  0.00000     0
   4  N     NH1      3    2    1      1.335    116.600    180.000 -0.47000     1
   5  H     H        4    3    2      1.010    119.800      0.000  0.31000     2
   6  CA    CT1      4    3    2      1.449    121.900    180.000  0.07000     3
   7  HA    HB       6    4    3      1.090    109.500    300.000  0.09000     4
   8  CB    CT2      6    4    3      1.525    111.100     60.000 -0.18000     5
   9  HB2   HA       8    6    4      1.090    109.500    300.000  0.09000     6
  10  HB3   HA       8    6    4      1.090    109.500     60.000  0.09000     7
  11  CG    CT2      8    6    4      1.525    109.470    180.000 -0.14000     8
  12  HG2   HA      11    8    6      1.090    109.500    300.000  0.09000     9
  13  HG3   HA      11    8    6      1.090    109.500     60.000  0.09000    10
  14  SD    S       11    8    6      1.810    110.000    180.000 -0.09000    11
  15  CE    CT3     14   11    8      1.780    100.000    180.000 -0.22000    12
  16  HE1   HA      15   14   11      1.090    109.500     60.000  0.09000    13
  17  HE2   HA      15   14   11      1.090    109.500    180.000  0.09000    14
  18  HE3   HA      15   14   11      1.090    109.500    300.000  0.09000    15
  19  C     C        6    4    3      1.522    111.100    180.000  0.51000    16
  20  O     O       19    6    4      1.229    120.500      0.000 -0.51000    17
DONE
PHE
   1  DUMM  DU       0   -1   -2      0.000      0.000      0.000  0.00000     0
   2  DUMM  DU       1    0   -1      1.449      0.000      0.000  0.00000     0
   3  DUMM  DU       2    1    0      1.522    111.100      0.000  0.00000     0
   4  N     NH1      3    2    1      1.335    116.600    180.000 -0.47000     1
   5  H     H        4    3    2      1.010    119.800      0.000  0.31000     2
   6  CA    CT1      4    3    2      1.449    121.900    180.000  0.07000     3
   7  HA    HB       6    4    3      1.090    109.500    300.000  0.09000     4
   8  CB    CT2      6    4    3      1.525    111.100     60.000 -0.18000     5
   9  HB2   HA       8    6    4      1.090    109.500    300.000  0.09000     6
  10  HB3   HA       8    6    4      1.090    109.500     60.000  0.09000     7
  11  CG    CA       8    6    4      1.510    115.000    180.000  0.00000     8
  12  CD1   CA      11    8    6      1.400    120.000    180.000 -0.11500     9
  13  HD1   HP      12   11    8      1.090    120.000      0.000  0.11500    10
  14  CE1   CA      12   11    8      1.400    120.000    180.000 -0.11500    11
  15  HE1   HP      14   12   11      1.090    120.000    180.000  0.11500    12
  16  CZ    CA      14   12   11      1.400    120.000      0.000 -0.11500    13
  17  HZ    HP      16   14   12      1.090    120.000    180.000  0.11500    14
  18  CE2   CA      16   14   12      1.400    120.000      0.000 -0.11500    15
  19  HE2   HP      18   16   14      1.090    120.000    180.000  0.11500    16
  20  CD2   CA      18   16   14      1.400    120.000      0.000 -0.11500    17
  21  HD2   HP      20   18   16      1.090    120.000    180.000  0.11500    18
  22  C     C        6    4    3      1.522    111.100    180.000  0.51000    19
  23  O     O       22    6    4      1.229    120.500      0.000 -0.51000    20
DONE
PRO
   1  DUMM  DU       0   -1   -2      0.000      0.000      0.000  0.00000     0
   2  DUMM  DU       1    0   -1      1.449      0.000      0.000  0.00000     0
   3  DUMM  DU       2    1    0      1.522    111.100      0.000  0.00000     0
   4  N     N        3    2    1      1.337    117.000    180.000 -0.29000     1
   5  CA    CP1      4    3    2      1.451    120.600    175.200  0.02000     2
   6  HA    HB       5    4    3      1.090    109.500     60.000  0.09000     3
   7  CB    CP2      5    4    3      1.510    108.900    172.630 -0.18000     4
   8  HB2   HA       7    5    4      1.090    109.500     86.900  0.09000     5
   9  HB3   HA       7    5    4      1.090    109.500    208.120  0.09000     6
  10  CG    CP2      7    5    4      1.500     99.260    318.500 -0.18000     7
  11  HG2   HA      10    7    5      1.090    109.500    158.200  0.09000     8
  12  HG3   HA      10    7    5      1.090    109.500    280.400  0.09000     9
  13  CD    CP3     10    7    5      1.500    106.050     39.200  0.00000    10
  14  HD2   HA      13   10    7      1.090    109.500     96.220  0.09000    11
  15  HD3   HA      13   10    7      1.090    109.500    220.400  0.09000    12
  16  C     C        5    4    3      1.522    109.500    315.000  0.51000    13
  17  O     O       16    5    4      1.229    120.500      0.000 -0.51000    14
DONE
SER
   1  DUMM  DU       0   -1   -2      0.000      0.000      0.000  0.00000     0
   2  DUMM  DU       1    0   -1      1.449      0.000      0.000  0.00000     0
   3  DUMM  DU       2    1    0      1.522    111.100      0.000  0.00000     0
   4  N     NH1      3    2    1      1.335    116.600    180.000 -0.47000     1
   5  H     H        4    3    2      1.010    119.800      0.000  0.31000     2
   6  CA    CT1      4    3    2      1.449    121.900    180.000  0.07000     3
   7  HA    HB       6    4    3      1.090    109.500    300.000  0.09000     4
   8  CB    CT2      6    4    3      1.525    111.100     60.000  0.05000     5
   9  HB2   HA       8    6    4      1.090    109.500    300.000  0.09000     6
  10  HB3   HA       8    6    4      1.090    109.500     60.000  0.09000     7
  11  OG    OH1      8    6    4      1.430    109.470    180.000 -0.66000     8
  12  HG    H       11    8    6      0.960    109.470    180.000  0.43000     9
  13  C     C        6    4    3      1.522    111.100    180.000  0.51000    10
  14  O     O       13    6    4      1.229    120.500      0.000 -0.51000    11
DONE
THR
   1  DUMM  DU       0   -1   -2      0.000      0.000      0.000  0.00000     0
   2  DUMM  DU       1    0   -1      1.449      0.000      0.000  0.00000     0
   3  DUMM  DU       2    1    0      1.522    111.100      0.000  0.00000     0
   4  N     NH1      3    2    1      1.335    116.600    180.000 -0.47000     1
   5  H     H        4    3    2      1.010    119.800      0.000  0.31000     2
   6  CA    CT1      4    3    2      1.449    121.900    180.000  0.07000     3
   7  HA    HB       6    4    3      1.090    109.500    300.000  0.09000     4
   8  CB    CT1      6    4    3      1.525    111.100     60.000  0.14000     5
   9  HB    HA       8    6    4      1.090    109.500    180.000  0.09000     6
  10  CG2   CT3      8    6    4      1.525    109.470    300.000 -0.27000     7
  11  HG21  HA      10    8    6      1.090    109.500     60.000  0.09000     8
  12  HG22  HA      10    8    6      1.090    109.500    180.000  0.09000     9
  13  HG23  HA      10    8    6      1.090    109.500    300.000  0.09000    10
  14  OG1   OH1      8    6    4      1.430    109.470     60.000 -0.66000    11
  15  HG1   H       14    8    6      0.960    109.470    180.000  0.43000    12
  16  C     C        6    4    3      1.522    111.100    180.000  0.51000    13
  17  O     O       16    6    4      1.229    120.500      0.000 -0.51000    14
DONE
TRP
   1  DUMM  DU       0   -1   -2      0.000      0.000      0.000  0.00000     0
   2  DUMM  DU       1    0   -1      1.449      0.000      0.000  0.00000     0
   3  DUMM  DU       2    1    0      1.522    111.100      0.000  0.00000     0
   4  N     NH1      3    2    1      1.335    116.600    180.000 -0.47000     1
   5  H     H        4    3    2      1.010    119.800      0.000  0.31000     2
   6  CA    CT1      4    3    2      1.449    121.900    180.000  0.07000     3
   7  HA    HB       6    4    3      1.090    109.500    300.000  0.09000     4
   8  CB    CT2      6    4    3      1.525    111.100     60.000 -0.18000     5
   9  HB2   HA       8    6    4      1.090    109.500    300.000  0.09000     6
  10  HB3   HA       8    6    4      1.090    109.500     60.000  0.09000     7
  11  CG    CY       8    6    4      1.510    115.000    180.000 -0.03000     8
  12  CD1   CA      11    8    6      1.340    127.000    180.000  0.03500     9
  13  HD1   HP      12   11    8      1.090    120.000      0.000  0.11500    10
  14  NE1   NY      12   11    8      1.430    107.000    180.000 -0.61000    11
  15  HE1   H       14   12   11      1.010    125.500    180.000  0.38000    12
  16  CE2   CPT     14   12   11      1.310    109.000      0.000  0.13000    13
  17  CZ2   CA      16   14   12      1.400    128.000    180.000 -0.11500    14
  18  HZ2   HP      17   16   14      1.090    120.000      0.000  0.11500    15
  19  CH2   CA      17   16   14      1.390    116.000    180.000 -0.11500    16
  20  HH2   HP      19   17   16      1.090    120.000    180.000  0.11500    17
  21  CZ3   CA      19   17   16      1.350    121.000      0.000 -0.11500    18
  22  HZ3   HP      21   19   17      1.090    120.000    180.000  0.11500    19
  23  CE3   CA      21   19   17      1.410    122.000      0.000 -0.11500    20
  24  HE3   HP      23   21   19      1.090    120.000    180.000  0.11500    21
  25  CD2   CPT     23   21   19      1.400    117.000      0.000 -0.02000    22
  26  C     C        6    4    3      1.522    111.100    180.000  0.51000    23
  27  O     O       26    6    4      1.229    120.500      0.000 -0.51000    24
DONE
TYR
   1  DUMM  DU       0   -1   -2      0.000      0.000      0.000  0.00000     0
   2  DUMM  DU       1    0   -1      1.449      0.000      0.000  0.00000     0
   3  DUMM  DU       2    1    0      1.522    111.100      0.000  0.00000     0
   4  N     NH1      3    2    1      1.335    116.600    180.000 -0.47000     1
   5  H     H        4    3    2      1.010    119.800      0.000  0.31000     2
   6  CA    CT1      4    3    2      1.449    121.900    180.000  0.07000     3
   7  HA    HB       6    4    3      1.090    109.500    300.000  0.09000     4
   8  CB    CT2      6    4    3      1.525    111.100     60.000 -0.18000     5
   9  HB2   HA       8    6    4      1.090    109.500    300.000  0.09000     6
  10  HB3   HA       8    6    4      1.090    109.500     60.000  0.09000     7
  11  CG    CA       8    6    4      1.510    109.470    180.000  0.00000     8
  12  CD1   CA      11    8    6      1.400    120.000    180.000 -0.11500     9
  13  HD1   HP      12   11    8      1.090    120.000      0.000  0.11500    10
  14  CE1   CA      12   11    8      1.400    120.000    180.000 -0.11500    11
  15  HE1   HP      14   12   11      1.090    120.000    180.000  0.11500    12
  16  CZ    CA      14   12   11      1.400    120.000      0.000  0.11000    13
  17  OH    OH1     16   14   12      1.360    120.000    180.000 -0.54000    14
  18  HH    H       17   16   14      0.960    113.000      0.000  0.43000    15
  19  CE2   CA      16   14   12      1.400    120.000      0.000 -0.11500    16
  20  HE2   HP      19   16   14      1.090    120.000    180.000  0.11500    17
  21  CD2   CA      19   16   14      1.400    120.000      0.000 -0.11500    18
  22  HD2   HP      21   19   16      1.090    120.000    180.000  0.11500    19
  23  C     C        6    4    3      1.522    111.100    180.000  0.51000    20
  24  O     O       23    6    4      1.229    120.500      0.000 -0.51000    21
DONE
VAL
   1  DUMM  DU       0   -1   -2      0.000      0.000      0.000  0.00000     0
   2  DUMM  DU       1    0   -1      1.449      0.000      0.000  0.00000     0
   3  DUMM  DU       2    1    0      1.522    111.100      0.000  0.00000     0
   4  N     NH1      3    2    1      1.335    116.600    180.000 -0.47000     1
   5  H     H        4    3    2      1.010    119.800      0.000  0.31000     2
   6  CA    CT1      4    3    2      1.449    121.900    180.000  0.07000     3
   7  HA    HB       6    4    3      1.090    109.500    300.000  0.09000     4
   8  CB    CT1      6    4    3      1.525    111.100     60.000 -0.09000     5
   9  HB    HA       8    6    4      1.090    109.500    300.000  0.09000     6
  10  CG1   CT3      8    6    4      1.525    109.470     60.000 -0.27000     7
  11  HG11  HA      10    8    6      1.090    109.500     60.000  0.09000     8
  12  HG12  HA      10    8    6      1.090    109.500    180.000  0.09000     9
  13  HG13  HA      10    8    6      1.090    109.500    300.000  0.09000    10
  14  CG2   CT3      8    6    4      1.525    109.470    180.000 -0.27000    11
  15  HG21  HA      14    8    6      1.090    109.500     60.000  0.09000    12
  16  HG22  HA      14    8    6      1.090    109.500    180.000  0.09000    13
  17  HG23  HA      14    8    6      1.090    109.500    300.000  0.09000    14
  18  C     C        6    4    3      1.522    111.100    180.000  0.51000    15
  19  O     O       18    6    4      1.229    120.500      0.000 -0.51000    16
DONE
ACE 
   1  DUMM  DU      0   -1   -2      0.000      0.000      0.000  0.00000     0
   2  DUMM  DU      1    0   -1      1.000      0.000      0.000  0.00000     0
   3  DUMM  DU      2    1    0      1.000     90.000      0.000  0.00000     0
   4  HH31  HA      3    2    1      1.000     90.000    180.000  0.09000     1
   5  CH3   CT3     4    3    2      1.090     90.000    180.000 -0.27000     2
   6  HH32  HA      5    4    3      1.090    109.500     60.000  0.09000     3
   7  HH33  HA      5    4    3      1.090    109.500    300.000  0.09000     4
   8  C     C       5    4    3      1.530    111.100    180.000  0.51000     5
   9  O     O       8    5    4      1.229    120.500      0.000 -0.51000     6
DONE
NME 
   1  DUMM  DU      0   -1   -2      0.000      0.000      0.000  0.00000     0
   2  DUMM  DU      1    0   -1      1.449      0.000      0.000  0.00000     0
   3  DUMM  DU      2    1    0      1.522    111.100      0.000  0.00000     0
   4  N     NH3     3    2    1      1.335    116.600    180.000 -0.30000     1
   5  H     HB      4    3    2      1.010    119.800      0.000  0.10000     2
   6  CH3   CT1     4    3    2      1.449    121.900    180.000  0.21000     3
   7  HH31  HC      6    4    3      1.090    109.500      0.000  0.33000     4
   8  HH32  HC      6    4    3      1.090    109.500    120.000  0.33000     5
   9  HH33  HC      6    4    3      1.090    109.500    240.000  0.30000     6
DONE