ALA
   1  DUMM  DU      0   -1   -2      0.000      0.000      0.000  0.000000    0
   2  DUMM  DU      1    0   -1      1.449      0.000      0.000  0.000000    0
   3  DUMM  DU      2    1    0      1.522    111.100      0.000  0.000000    0
   4  N     N       3    2    1      1.335    116.600    180.000 -0.404773    1
   5  H     H       4    3    2      1.010    119.800      0.000  0.294276    2
   6  CA    CT      4    3    2      1.449    121.900    180.000 -0.027733    3
   7  HA    H1      6    4    3      1.090    109.500    300.000  0.120802    4
   8  CB    CT      6    4    3      1.525    111.100     60.000 -0.229951    5
   9  HB1   HC      8    6    4      1.090    109.500     60.000  0.077428    6
  10  HB2   HC      8    6    4      1.090    109.500    180.000  0.077428    7
  11  HB3   HC      8    6    4      1.090    109.500    300.000  0.077428    8
  12  C     C       6    4    3      1.522    111.100    180.000  0.570224    9
  13  O     O      12    6    4      1.229    120.500      0.000 -0.555129   10
DONE
GLY
   1  DUMM  DU      0   -1   -2      0.000      0.000      0.000  0.000000    0
   2  DUMM  DU      1    0   -1      1.449      0.000      0.000  0.000000    0
   3  DUMM  DU      2    1    0      1.522    111.100      0.000  0.000000    0
   4  N     N       3    2    1      1.335    116.600    180.000 -0.374282    1
   5  H     H       4    3    2      1.010    119.800      0.000  0.253981    2
   6  CA    CT      4    3    2      1.449    121.900    180.000 -0.128844    3
   7  HA2   H0      6    4    3      1.090    109.500    300.000  0.088859    4
   8  HA3   H0      6    4    3      1.090    109.500     60.000  0.088859    5
   9  C     C       6    4    3      1.522    110.400    180.000  0.580584    6
  10  O     O       9    6    4      1.229    120.500      0.000 -0.509157    7
DONE
SER
   1  DUMM  DU      0   -1   -2      0.000      0.000      0.000  0.000000    0
   2  DUMM  DU      1    0   -1      1.449      0.000      0.000  0.000000    0
   3  DUMM  DU      2    1    0      1.522    111.100      0.000  0.000000    0
   4  N     N       3    2    1      1.335    116.600    180.000 -0.541430    1
   5  H     H       4    3    2      1.010    119.800      0.000  0.345415    2
   6  CA    CT      4    3    2      1.449    121.900    180.000  0.118140    3
   7  HA    H1      6    4    3      1.090    109.500    300.000  0.142177    4
   8  CB    CT      6    4    3      1.525    111.100     60.000  0.146998    5
   9  HB2   H1      8    6    4      1.090    109.500    300.000  0.040081    6
  10  HB3   H1      8    6    4      1.090    109.500     60.000  0.040081    7
  11  OG    OH      8    6    4      1.430    109.470    180.000 -0.640312    8
  12  HG    HO     11    8    6      0.960    109.470    180.000  0.446255    9
  13  C     C       6    4    3      1.522    111.100    180.000  0.483424   10
  14  O     O      13    6    4      1.229    120.500      0.000 -0.580829   11
DONE
THR
   1  DUMM  DU      0   -1   -2      0.000      0.000      0.000  0.000000    0
   2  DUMM  DU      1    0   -1      1.449      0.000      0.000  0.000000    0
   3  DUMM  DU      2    1    0      1.522    111.100      0.000  0.000000    0
   4  N     N       3    2    1      1.335    116.600    180.000 -0.245382    1
   5  H     H       4    3    2      1.010    119.800      0.000  0.255339    2
   6  CA    CT      4    3    2      1.449    121.900    180.000 -0.271249    3
   7  HA    H1      6    4    3      1.090    109.500    300.000  0.163757    4
   8  CB    CT      6    4    3      1.525    111.100     60.000  0.237868    5
   9  HB    H1      8    6    4      1.090    109.500    180.000  0.044688    6
  10  CG2   CT      8    6    4      1.525    109.470    300.000 -0.176489    7
  11  HG21  HC     10    8    6      1.090    109.500     60.000  0.060019    8
  12  HG22  HC     10    8    6      1.090    109.500    180.000  0.060019    9
  13  HG23  HC     10    8    6      1.090    109.500    300.000  0.060019   10
  14  OG1   OH      8    6    4      1.430    109.470     60.000 -0.601931   11
  15  HG1   HO     14    8    6      0.960    109.470    180.000  0.405484   12
  16  C     C       6    4    3      1.522    111.100    180.000  0.559878   13
  17  O     O      16    6    4      1.229    120.500      0.000 -0.552020   14
DONE
LEU
   1  DUMM  DU      0   -1   -2      0.000      0.000      0.000  0.000000    0
   2  DUMM  DU      1    0   -1      1.449      0.000      0.000  0.000000    0
   3  DUMM  DU      2    1    0      1.522    111.100      0.000  0.000000    0
   4  N     N       3    2    1      1.335    116.600    180.000 -0.355153    1
   5  H     H       4    3    2      1.010    119.800      0.000  0.262417    2
   6  CA    CT      4    3    2      1.449    121.900    180.000 -0.101497    3
   7  HA    H1      6    4    3      1.090    109.500    300.000  0.136951    4
   8  CB    CT      6    4    3      1.525    111.100     60.000 -0.144399    5
   9  HB2   HC      8    6    4      1.090    109.500    300.000  0.052533    6
  10  HB3   HC      8    6    4      1.090    109.500     60.000  0.052533    7
  11  CG    CT      8    6    4      1.525    109.470    180.000  0.191982    8
  12  HG    HC     11    8    6      1.090    109.500    300.000  0.000825    9
  13  CD1   CT     11    8    6      1.525    109.470     60.000 -0.123036   10
  14  HD11  HC     13   11    8      1.090    109.500     60.000  0.022376   11
  15  HD12  HC     13   11    8      1.090    109.500    180.000  0.022376   12
  16  HD13  HC     13   11    8      1.090    109.500    300.000  0.022376   13
  17  CD2   CT     11    8    6      1.525    109.470    180.000 -0.123036   14
  18  HD21  HC     17   11    8      1.090    109.500     60.000  0.022376   15
  19  HD22  HC     17   11    8      1.090    109.500    180.000  0.022376   16
  20  HD23  HC     17   11    8      1.090    109.500    300.000  0.022376   17
  21  C     C       6    4    3      1.522    111.100    180.000  0.573471   18
  22  O     O      21    6    4      1.229    120.500      0.000 -0.557847   19
DONE
ILE
   1  DUMM  DU      0   -1   -2      0.000      0.000      0.000  0.000000    0
   2  DUMM  DU      1    0   -1      1.449      0.000      0.000  0.000000    0
   3  DUMM  DU      2    1    0      1.522    111.100      0.000  0.000000    0
   4  N     N       3    2    1      1.335    116.600    180.000 -0.451047    1
   5  H     H       4    3    2      1.010    119.800      0.000  0.328831    2
   6  CA    CT      4    3    2      1.449    121.900    180.000 -0.101874    3
   7  HA    H1      6    4    3      1.090    109.500    300.000  0.174193    4
   8  CB    CT      6    4    3      1.525    109.470     60.000  0.062238    5
   9  HB    HC      8    6    4      1.090    109.500    300.000  0.061662    6
  10  CG2   CT      8    6    4      1.525    109.470     60.000 -0.129989    7
  11  HG21  HC     10    8    6      1.090    109.500     60.000  0.030227    8
  12  HG22  HC     10    8    6      1.090    109.500    180.000  0.030227    9
  13  HG23  HC     10    8    6      1.090    109.500    300.000  0.030227   10
  14  CG1   CT      8    6    4      1.525    109.470    180.000  0.022230   11
  15  HG12  HC     14    8    6      1.090    109.500    300.000  0.011551   12
  16  HG13  HC     14    8    6      1.090    109.500     60.000  0.011551   13
  17  CD1   CT     14    8    6      1.525    109.470    180.000 -0.101251   14
  18  HD11  HC     17   14    8      1.090    109.500     60.000  0.023792   15
  19  HD12  HC     17   14    8      1.090    109.500    180.000  0.023792   16
  20  HD13  HC     17   14    8      1.090    109.500    300.000  0.023792   17
  21  C     C       6    4    3      1.522    111.100    180.000  0.569383   18
  22  O     O      21    6    4      1.229    120.500      0.000 -0.619535   19
DONE
VAL
   1  DUMM  DU      0   -1   -2      0.000      0.000      0.000  0.000000    0
   2  DUMM  DU      1    0   -1      1.449      0.000      0.000  0.000000    0
   3  DUMM  DU      2    1    0      1.522    111.100      0.000  0.000000    0
   4  N     N       3    2    1      1.335    116.600    180.000 -0.450087    1
   5  H     H       4    3    2      1.010    119.800      0.000  0.440048    2
   6  CA    CT      4    3    2      1.449    121.900    180.000 -0.051858    3
   7  HA    H1      6    4    3      1.090    109.500    300.000 -0.026204    4
   8  CB    CT      6    4    3      1.525    111.100     60.000  0.395217    5
   9  HB    HC      8    6    4      1.090    109.500    300.000 -0.115672    6
  10  CG1   CT      8    6    4      1.525    109.470     60.000 -0.090132    7
  11  HG11  HC     10    8    6      1.090    109.500     60.000 -0.008985    8
  12  HG12  HC     10    8    6      1.090    109.500    180.000 -0.008985    9
  13  HG13  HC     10    8    6      1.090    109.500    300.000 -0.008985   10
  14  CG2   CT      8    6    4      1.525    109.470    180.000 -0.090132   11
  15  HG21  HC     14    8    6      1.090    109.500     60.000 -0.008985   12
  16  HG22  HC     14    8    6      1.090    109.500    180.000 -0.008985   13
  17  HG23  HC     14    8    6      1.090    109.500    300.000 -0.008985   14
  18  C     C       6    4    3      1.522    111.100    180.000  0.447359   15
  19  O     O      18    6    4      1.229    120.500      0.000 -0.404629   16
DONE
ASN
   1  DUMM  DU      0   -1   -2      0.000      0.000      0.000  0.000000    0
   2  DUMM  DU      1    0   -1      1.449      0.000      0.000  0.000000    0
   3  DUMM  DU      2    1    0      1.522    111.100      0.000  0.000000    0
   4  N     N       3    2    1      1.335    116.600    180.000 -0.430106    1
   5  H     H       4    3    2      1.010    119.800      0.000  0.254543    2
   6  CA    CT      4    3    2      1.449    121.900    180.000  0.044609    3
   7  HA    H1      6    4    3      1.090    109.500    300.000  0.059601    4
   8  CB    CT      6    4    3      1.525    111.100     60.000 -0.093650    5
   9  HB2   HC      8    6    4      1.090    109.500    300.000  0.043321    6
  10  HB3   HC      8    6    4      1.090    109.500     60.000  0.043321    7
  11  CG    C       8    6    4      1.522    111.100    180.000  0.583519    8
  12  OD1   O      11    8    6      1.229    120.500      0.000 -0.526813    9
  13  ND2   N      11    8    6      1.335    116.600    180.000 -0.781735   10
  14  HD21  H      13   11    8      1.010    119.800    180.000  0.355079   11
  15  HD22  H      13   11    8      1.010    119.800      0.000  0.355079   12
  16  C     C       6    4    3      1.522    111.100    180.000  0.617141   13
  17  O     O      16    6    4      1.229    120.500      0.000 -0.523909   14
DONE
GLN
   1  DUMM  DU      0   -1   -2      0.000      0.000      0.000  0.000000    0
   2  DUMM  DU      1    0   -1      1.449      0.000      0.000  0.000000    0
   3  DUMM  DU      2    1    0      1.522    111.100      0.000  0.000000    0
   4  N     N       3    2    1      1.335    116.600    180.000 -0.387353    1
   5  H     H       4    3    2      1.010    119.800      0.000  0.300605    2
   6  CA    CT      4    3    2      1.449    121.900    180.000  0.037470    3
   7  HA    H1      6    4    3      1.090    109.500    300.000  0.152255    4
   8  CB    CT      6    4    3      1.525    111.100     60.000 -0.032112    5
   9  HB2   HC      8    6    4      1.090    109.500    300.000  0.030995    6
  10  HB3   HC      8    6    4      1.090    109.500     60.000  0.030995    7
  11  CG    CT      8    6    4      1.525    109.470    180.000 -0.020264    8
  12  HG2   HC     11    8    6      1.090    109.500    300.000  0.030791    9
  13  HG3   HC     11    8    6      1.090    109.500     60.000  0.030791   10
  14  CD    C      11    8    6      1.522    111.100    180.000  0.667812   11
  15  OE1   O      14   11    8      1.229    120.500      0.000 -0.628483   12
  16  NE2   N      14   11    8      1.335    116.600    180.000 -0.883393   13
  17  HE21  H      16   14   11      1.010    119.800    180.000  0.408312   14
  18  HE22  H      16   14   11      1.010    119.800      0.000  0.408312   15
  19  C     C       6    4    3      1.522    111.100    180.000  0.418577   16
  20  O     O      19    6    4      1.229    120.500      0.000 -0.565310   17
DONE
ARG
   1  DUMM  DU      0   -1   -2      0.000      0.000      0.000  0.000000    0
   2  DUMM  DU      1    0   -1      1.449      0.000      0.000  0.000000    0
   3  DUMM  DU      2    1    0      1.522    111.100      0.000  0.000000    0
   4  N     N       3    2    1      1.335    116.600    180.000 -0.300879    1
   5  H     H       4    3    2      1.010    119.800      0.000  0.233693    2
   6  CA    CT      4    3    2      1.449    121.900    180.000 -0.131381    3
   7  HA    H1      6    4    3      1.090    109.500    300.000  0.053266    4
   8  CB    CT      6    4    3      1.525    111.100     60.000  0.036707    5
   9  HB2   HC      8    6    4      1.090    109.500    300.000  0.028012    6
  10  HB3   HC      8    6    4      1.090    109.500     60.000  0.028012    7
  11  CG    CT      8    6    4      1.525    109.470    180.000  0.012454    8
  12  HG2   HC     11    8    6      1.090    109.500    300.000  0.002964    9
  13  HG3   HC     11    8    6      1.090    109.500     60.000  0.002964   10
  14  CD    CT     11    8    6      1.525    109.470    180.000  0.126329   11
  15  HD2   H1     14   11    8      1.090    109.500    300.000  0.068148   12
  16  HD3   H1     14   11    8      1.090    109.500     60.000  0.068148   13
  17  NE    N2     14   11    8      1.480    111.000    180.000 -0.464890   14
  18  HE    H      17   14   11      1.010    118.500      0.000  0.326274   15
  19  CZ    CA     17   14   11      1.330    123.000    180.000  0.565543   16
  20  NH1   N2     19   17   14      1.330    122.000      0.000 -0.685774   17
  21  HH11  H      20   19   17      1.010    119.800      0.000  0.391052   18
  22  HH12  H      20   19   17      1.010    119.800    180.000  0.391052   19
  23  NH2   N2     19   17   14      1.330    118.000    180.000 -0.685774   20
  24  HH21  H      23   19   17      1.010    119.800      0.000  0.391052   21
  25  HH22  H      23   19   17      1.010    119.800    180.000  0.391052   22
  26  C     C       6    4    3      1.522    111.100    180.000  0.730308   23
  27  O     O      26    6    4      1.229    120.500      0.000 -0.578332   24
DONE
HID
   1  DUMM  DU      0   -1   -2      0.000      0.000      0.000  0.000000    0
   2  DUMM  DU      1    0   -1      1.449      0.000      0.000  0.000000    0
   3  DUMM  DU      2    1    0      1.522    111.100      0.000  0.000000    0
   4  N     N       3    2    1      1.335    116.600    180.000 -0.506799    1
   5  H     H       4    3    2      1.010    119.800      0.000  0.351021    2
   6  CA    CT      4    3    2      1.449    121.900    180.000  0.119066    3
   7  HA    H1      6    4    3      1.090    109.500    300.000  0.137761    4
   8  CB    CT      6    4    3      1.525    111.100     60.000 -0.122638    5
   9  HB2   HC      8    6    4      1.090    109.500    300.000  0.086329    6
  10  HB3   HC      8    6    4      1.090    109.500     60.000  0.086329    7
  11  CG    CC      8    6    4      1.510    115.000    180.000 -0.001547    8
  12  ND1   NA     11    8    6      1.390    122.000    180.000 -0.205785    9
  13  HD1   H      12   11    8      1.010    126.000      0.000  0.318273   10
  14  CE1   CR     12   11    8      1.320    108.000    180.000  0.147273   11
  15  HE1   H5     14   12   11      1.090    120.000    180.000  0.122182   12
  16  NE2   NB     14   12   11      1.310    109.000      0.000 -0.601482   13
  17  CD2   CV     16   14   12      1.360    110.000      0.000  0.043744   14
  18  HD2   H4     17   16   14      1.090    120.000    180.000  0.110157   15
  19  C     C       6    4    3      1.522    111.100    180.000  0.515947   16
  20  O     O      19    6    4      1.229    120.500      0.000 -0.599831   17
DONE
HIE
   1  DUMM  DU      0   -1   -2      0.000      0.000      0.000  0.000000    0
   2  DUMM  DU      1    0   -1      1.449      0.000      0.000  0.000000    0
   3  DUMM  DU      2    1    0      1.522    111.100      0.000  0.000000    0
   4  N     N       3    2    1      1.335    116.600    180.000 -0.528120    1
   5  H     H       4    3    2      1.010    119.800      0.000  0.281695    2
   6  CA    CT      4    3    2      1.449    121.900    180.000  0.031249    3
   7  HA    H1      6    4    3      1.090    109.500    300.000  0.085175    4
   8  CB    CT      6    4    3      1.525    111.100     60.000 -0.152267    5
   9  HB2   HC      8    6    4      1.090    109.500    300.000  0.054608    6
  10  HB3   HC      8    6    4      1.090    109.500     60.000  0.054608    7
  11  CG    CC      8    6    4      1.510    115.000    180.000  0.278406    8
  12  ND1   NB     11    8    6      1.390    122.000    180.000 -0.423316    9
  13  CE1   CR     12   11    8      1.320    108.000    180.000  0.025960   10
  14  HE1   H5     13   12   11      1.090    120.000    180.000  0.126832   11
  15  NE2   NA     13   12   11      1.310    109.000      0.000 -0.097984   12
  16  HE2   H      15   13   12      1.010    125.000    180.000  0.266865   13
  17  CD2   CW     15   13   12      1.360    110.000      0.000 -0.297563   14
  18  HD2   H4     17   15   13      1.090    120.000    180.000  0.160413   15
  19  C     C       6    4    3      1.522    111.100    180.000  0.662405   16
  20  O     O      19    6    4      1.229    120.500      0.000 -0.528966   17
DONE
HIP
   1  DUMM  DU      0   -1   -2      0.000      0.000      0.000  0.000000    0
   2  DUMM  DU      1    0   -1      1.449      0.000      0.000  0.000000    0
   3  DUMM  DU      2    1    0      1.522    111.100      0.000  0.000000    0
   4  N     N       3    2    1      1.335    116.600    180.000 -0.424967    1
   5  H     H       4    3    2      1.010    119.800      0.000  0.285873    2
   6  CA    CT      4    3    2      1.449    121.900    180.000  0.375022    3
   7  HA    H1      6    4    3      1.090    109.500    300.000 -0.014621    4
   8  CB    CT      6    4    3      1.525    111.100     60.000 -0.332123    5
   9  HB2   HC      8    6    4      1.090    109.500    300.000  0.107725    6
  10  HB3   HC      8    6    4      1.090    109.500     60.000  0.107725    7
  11  CG    CC      8    6    4      1.510    115.000    180.000  0.182399    8
  12  ND1   NA     11    8    6      1.390    122.000    180.000 -0.087602    9
  13  HD1   H      12   11    8      1.010    126.000      0.000  0.305096   10
  14  CE1   CR     12   11    8      1.320    108.000    180.000 -0.013105   11
  15  HE1   H5     14   12   11      1.090    120.000    180.000  0.230635   12
  16  NE2   NA     14   12   11      1.310    109.000      0.000 -0.148766   13
  17  HE2   H      16   14   12      1.010    125.000    180.000  0.377295   14
  18  CD2   CW     16   14   12      1.360    110.000      0.000 -0.192052   15
  19  HD2   H4     18   16   14      1.090    120.000    180.000  0.235237   16
  20  C     C       6    4    3      1.522    111.100    180.000  0.566646   17
  21  O     O      20    6    4      1.229    120.500      0.000 -0.560417   18
DONE
TRP
   1  DUMM  DU      0   -1   -2      0.000      0.000      0.000  0.000000    0
   2  DUMM  DU      1    0   -1      1.449      0.000      0.000  0.000000    0
   3  DUMM  DU      2    1    0      1.522    111.100      0.000  0.000000    0
   4  N     N       3    2    1      1.335    116.600    180.000 -0.427579    1
   5  H     H       4    3    2      1.010    119.800      0.000  0.241716    2
   6  CA    CT      4    3    2      1.449    121.900    180.000 -0.020082    3
   7  HA    H1      6    4    3      1.090    109.500    300.000  0.106629    4
   8  CB    CT      6    4    3      1.525    111.100     60.000 -0.098364    5
   9  HB2   HC      8    6    4      1.090    109.500    300.000  0.065424    6
  10  HB3   HC      8    6    4      1.090    109.500     60.000  0.065424    7
  11  CG    C*      8    6    4      1.510    115.000    180.000 -0.099797    8
  12  CD1   CW     11    8    6      1.340    127.000    180.000 -0.174053    9
  13  HD1   H4     12   11    8      1.090    120.000      0.000  0.170633   10
  14  NE1   NA     12   11    8      1.430    107.000    180.000 -0.298433   11
  15  HE1   H      14   12   11      1.010    125.500    180.000  0.322375   12
  16  CE2   CN     14   12   11      1.310    109.000      0.000  0.141523   13
  17  CZ2   CA     16   14   12      1.400    128.000    180.000 -0.210701   14
  18  HZ2   HA     17   16   14      1.090    120.000      0.000  0.125512   15
  19  CH2   CA     17   16   14      1.390    116.000    180.000 -0.133022   16
  20  HH2   HA     19   17   16      1.090    120.000    180.000  0.119467   17
  21  CZ3   CA     19   17   16      1.350    121.000      0.000 -0.164054   18
  22  HZ3   HA     21   19   17      1.090    120.000    180.000  0.119250   19
  23  CE3   CA     21   19   17      1.410    122.000      0.000 -0.153992   20
  24  HE3   HA     23   21   19      1.090    120.000    180.000  0.123084   21
  25  CD2   CB     23   21   19      1.400    117.000      0.000  0.089641   22
  26  C     C       6    4    3      1.522    111.100    180.000  0.584129   23
  27  O     O      26    6    4      1.229    120.500      0.000 -0.494730   24
DONE
PHE
   1  DUMM  DU      0   -1   -2      0.000      0.000      0.000  0.000000    0
   2  DUMM  DU      1    0   -1      1.449      0.000      0.000  0.000000    0
   3  DUMM  DU      2    1    0      1.522    111.100      0.000  0.000000    0
   4  N     N       3    2    1      1.335    116.600    180.000 -0.371290    1
   5  H     H       4    3    2      1.010    119.800      0.000  0.234053    2
   6  CA    CT      4    3    2      1.449    121.900    180.000 -0.030057    3
   7  HA    H1      6    4    3      1.090    109.500    300.000  0.102448    4
   8  CB    CT      6    4    3      1.525    111.100     60.000 -0.098720    5
   9  HB2   HC      8    6    4      1.090    109.500    300.000  0.060989    6
  10  HB3   HC      8    6    4      1.090    109.500     60.000  0.060989    7
  11  CG    CA      8    6    4      1.510    115.000    180.000  0.021313    8
  12  CD1   CA     11    8    6      1.400    120.000    180.000 -0.083109    9
  13  HD1   HA     12   11    8      1.090    120.000      0.000  0.098466   10
  14  CE1   CA     12   11    8      1.400    120.000    180.000 -0.156974   11
  15  HE1   HA     14   12   11      1.090    120.000    180.000  0.123731   12
  16  CZ    CA     14   12   11      1.400    120.000      0.000 -0.099824   13
  17  HZ    HA     16   14   12      1.090    120.000    180.000  0.114679   14
  18  CE2   CA     16   14   12      1.400    120.000      0.000 -0.156974   15
  19  HE2   HA     18   16   14      1.090    120.000    180.000  0.123731   16
  20  CD2   CA     18   16   14      1.400    120.000      0.000 -0.083109   17
  21  HD2   HA     20   18   16      1.090    120.000    180.000  0.098466   18
  22  C     C       6    4    3      1.522    111.100    180.000  0.547987   19
  23  O     O      22    6    4      1.229    120.500      0.000 -0.506795   20
DONE
TYR
   1  DUMM  DU      0   -1   -2      0.000      0.000      0.000  0.000000    0
   2  DUMM  DU      1    0   -1      1.449      0.000      0.000  0.000000    0
   3  DUMM  DU      2    1    0      1.522    111.100      0.000  0.000000    0
   4  N     N       3    2    1      1.335    116.600    180.000 -0.487560    1
   5  H     H       4    3    2      1.010    119.800      0.000  0.263521    2
   6  CA    CT      4    3    2      1.449    121.900    180.000  0.009614    3
   7  HA    H1      6    4    3      1.090    109.500    300.000  0.095501    4
   8  CB    CT      6    4    3      1.525    111.100     60.000 -0.051853    5
   9  HB2   HC      8    6    4      1.090    109.500    300.000  0.019145    6
  10  HB3   HC      8    6    4      1.090    109.500     60.000  0.019145    7
  11  CG    CA      8    6    4      1.510    109.470    180.000  0.112601    8
  12  CD1   CA     11    8    6      1.400    120.000    180.000 -0.183461    9
  13  HD1   HA     12   11    8      1.090    120.000      0.000  0.132715   10
  14  CE1   CA     12   11    8      1.400    120.000    180.000 -0.181823   11
  15  HE1   HA     14   12   11      1.090    120.000    180.000  0.137303   12
  16  CZ    C      14   12   11      1.400    120.000      0.000  0.206277   13
  17  OH    OH     16   14   12      1.360    120.000    180.000 -0.421233   14
  18  HH    HO     17   16   14      0.960    113.000      0.000  0.329691   15
  19  CE2   CA     16   14   12      1.400    120.000      0.000 -0.181823   16
  20  HE2   HA     19   16   14      1.090    120.000    180.000  0.137303   17
  21  CD2   CA     19   16   14      1.400    120.000      0.000 -0.183461   18
  22  HD2   HA     21   19   16      1.090    120.000    180.000  0.132715   19
  23  C     C       6    4    3      1.522    111.100    180.000  0.622290   20
  24  O     O      23    6    4      1.229    120.500      0.000 -0.526607   21
DONE
GLU
   1  DUMM  DU      0   -1   -2      0.000      0.000      0.000  0.000000    0
   2  DUMM  DU      1    0   -1      1.449      0.000      0.000  0.000000    0
   3  DUMM  DU      2    1    0      1.522    111.100      0.000  0.000000    0
   4  N     N       3    2    1      1.335    116.600    180.000 -0.423392    1
   5  H     H       4    3    2      1.010    119.800      0.000  0.306811    2
   6  CA    CT      4    3    2      1.449    121.900    180.000  0.031633    3
   7  HA    H1      6    4    3      1.090    109.500    300.000  0.065100    4
   8  CB    CT      6    4    3      1.525    111.100     60.000  0.074772    5
   9  HB2   HC      8    6    4      1.090    109.500    300.000 -0.003535    6
  10  HB3   HC      8    6    4      1.090    109.500     60.000 -0.003535    7
  11  CG    CT      8    6    4      1.510    109.470    180.000 -0.033909    8
  12  HG2   HC     11    8    6      1.090    109.500    300.000 -0.004135    9
  13  HG3   HC     11    8    6      1.090    109.500     60.000 -0.004135   10
  14  CD    C      11    8    6      1.527    109.470    180.000  0.765188   11
  15  OE1   O2     14   11    8      1.260    117.200     90.000 -0.824035   12
  16  OE2   O2     14   11    8      1.260    117.200    270.000 -0.824035   13
  17  C     C       6    4    3      1.522    111.100    180.000  0.469735   14
  18  O     O      17    6    4      1.229    120.500      0.000 -0.592528   15
DONE
ASP
   1  DUMM  DU      0   -1   -2      0.000      0.000      0.000  0.000000    0
   2  DUMM  DU      1    0   -1      1.449      0.000      0.000  0.000000    0
   3  DUMM  DU      2    1    0      1.522    111.100      0.000  0.000000    0
   4  N     N       3    2    1      1.335    116.600    180.000 -0.558201    1
   5  H     H       4    3    2      1.010    119.800      0.000  0.319676    2
   6  CA    CT      4    3    2      1.449    121.900    180.000  0.007225    3
   7  HA    H1      6    4    3      1.090    109.500    300.000  0.082375    4
   8  CB    CT      6    4    3      1.525    111.100     60.000 -0.047555    5
   9  HB2   HC      8    6    4      1.090    109.500    300.000 -0.014836    6
  10  HB3   HC      8    6    4      1.090    109.500     60.000 -0.014836    7
  11  CG    C       8    6    4      1.527    109.470    180.000  0.745168    8
  12  OD1   O2     11    8    6      1.260    117.200     90.000 -0.730385    9
  13  OD2   O2     11    8    6      1.260    117.200    270.000 -0.730385   10
  14  C     C       6    4    3      1.522    111.100    180.000  0.443199   11
  15  O     O      14    6    4      1.229    120.500      0.000 -0.501445   12
DONE
LYS
   1  DUMM  DU      0   -1   -2      0.000      0.000      0.000  0.000000    0
   2  DUMM  DU      1    0   -1      1.449      0.000      0.000  0.000000    0
   3  DUMM  DU      2    1    0      1.522    111.100      0.000  0.000000    0
   4  N     N       3    2    1      1.335    116.600    180.000 -0.435875    1
   5  H     H       4    3    2      1.010    119.800      0.000  0.251302    2
   6  CA    CT      4    3    2      1.449    121.900    180.000 -0.038773    3
   7  HA    H1      6    4    3      1.090    109.500    300.000  0.129478    4
   8  CB    CT      6    4    3      1.525    111.100     60.000 -0.108273    5
   9  HB2   HC      8    6    4      1.090    109.500    300.000  0.045214    6
  10  HB3   HC      8    6    4      1.090    109.500     60.000  0.045214    7
  11  CG    CT      8    6    4      1.525    109.470    180.000  0.033341    8
  12  HG2   HC     11    8    6      1.090    109.500    300.000  0.010208    9
  13  HG3   HC     11    8    6      1.090    109.500     60.000  0.010208   10
  14  CD    CT     11    8    6      1.525    109.470    180.000 -0.047841   11
  15  HD2   HC     14   11    8      1.090    109.500    300.000  0.070715   12
  16  HD3   HC     14   11    8      1.090    109.500     60.000  0.070715   13
  17  CE    CT     14   11    8      1.525    109.470    180.000 -0.069974   14
  18  HE2   HP     17   14   11      1.090    109.500    300.000  0.119522   15
  19  HE3   HP     17   14   11      1.090    109.500     60.000  0.119522   16
  20  NZ    N3     17   14   11      1.470    109.470    180.000 -0.250358   17
  21  HZ1   H      20   17   14      1.010    109.470     60.000  0.294561   18
  22  HZ2   H      20   17   14      1.010    109.470    180.000  0.294561   19
  23  HZ3   H      20   17   14      1.010    109.470    300.000  0.294561   20
  24  C     C       6    4    3      1.522    111.100    180.000  0.725129   21
  25  O     O      24    6    4      1.229    120.500      0.000 -0.563157   22
DONE
LYN
   1  DUMM  DU      0   -1   -2      0.000      0.000      0.000  0.000000    0
   2  DUMM  DU      1    0   -1      1.449      0.000      0.000  0.000000    0
   3  DUMM  DU      2    1    0      1.522    111.100      0.000  0.000000    0
   4  N     N       3    2    1      1.335    116.600    180.000 -0.453388    1
   5  H     H       4    3    2      1.010    119.800      0.000  0.289695    2
   6  CA    CT      4    3    2      1.449    121.900    180.000 -0.024500    3
   7  HA    H1      6    4    3      1.090    109.500    300.000  0.099553    4
   8  CB    CT      6    4    3      1.525    111.100     60.000  0.035478    5
   9  HB2   HC      8    6    4      1.090    109.500    300.000  0.004797    6
  10  HB3   HC      8    6    4      1.090    109.500     60.000  0.004797    7
  11  CG    CT      8    6    4      1.525    109.470    180.000 -0.019962    8
  12  HG2   HC     11    8    6      1.090    109.500    300.000 -0.015610    9
  13  HG3   HC     11    8    6      1.090    109.500     60.000 -0.015610   10
  14  CD    CT     11    8    6      1.525    109.470    180.000  0.041105   11
  15  HD2   HC     14   11    8      1.090    109.500    300.000  0.008304   12
  16  HD3   HC     14   11    8      1.090    109.500     60.000  0.008304   13
  17  CE    CT     14   11    8      1.525    109.470    180.000  0.188382   14
  18  HE2   HP     17   14   11      1.090    109.500    300.000  0.016810   15
  19  HE3   HP     17   14   11      1.090    109.500     60.000  0.016810   16
  20  NZ    N3     17   14   11      1.470    109.470    180.000 -0.894254   17
  21  HZ2   H      20   17   14      1.010    109.470    180.000  0.332053   18
  22  HZ3   H      20   17   14      1.010    109.470    300.000  0.332053   19
  23  C     C       6    4    3      1.522    111.100    180.000  0.608464   20
  24  O     O      24    6    4      1.229    120.500      0.000 -0.563281   21
DONE
PRO
   1  DUMM  DU      0   -1   -2      0.000      0.000      0.000  0.000000    0
   2  DUMM  DU      1    0   -1      1.449      0.000      0.000  0.000000    0
   3  DUMM  DU      2    1    0      1.522    111.100      0.000  0.000000    0
   4  N     N       3    2    1      1.337    117.000    180.000 -0.088116    1
   5  CD    CT      4    3    2      1.458    126.100    356.100 -0.011906    2
   6  HD2   H1      5    4    3      1.090    109.500     80.000  0.043951    3
   7  HD3   H1      5    4    3      1.090    109.500    320.000  0.043950    4
   8  CG    CT      5    4    3      1.500    103.200    200.100  0.013059    5
   9  HG2   HC      8    5    4      1.090    109.500    218.000  0.019574    6
  10  HG3   HC      8    5    4      1.090    109.500     98.000  0.019574    7
  11  CB    CT      8    5    4      1.510    106.000    338.300 -0.003351    8
  12  HB2   HC     11    8    5      1.090    109.500    256.300  0.019352    9
  13  HB3   HC     11    8    5      1.090    109.500    136.300  0.019352   10
  14  CA    CT      4    3    2      1.451    120.600    175.200 -0.034577   11
  15  HA    H1     14    4    3      1.090    109.500     60.000  0.059977   12
  16  C     C      14    4    3      1.522    109.500    300.000  0.333720   13
  17  O     O      16   14    4      1.229    120.500      0.000 -0.434559   14
DONE
CYS
   1  DUMM  DU      0   -1   -2      0.000      0.000      0.000  0.000000    0
   2  DUMM  DU      1    0   -1      1.449      0.000      0.000  0.000000    0
   3  DUMM  DU      2    1    0      1.522    111.100      0.000  0.000000    0
   4  N     N       3    2    1      1.335    116.600    180.000 -0.396165    1
   5  H     H       4    3    2      1.010    119.800      0.000  0.295187    2
   6  CA    CT      4    3    2      1.449    121.900    180.000 -0.073501    3
   7  HA    H1      6    4    3      1.090    109.500    300.000  0.140510    4
   8  CB    CT      6    4    3      1.525    111.100     60.000 -0.221371    5
   9  HB2   H1      8    6    4      1.090    109.500    300.000  0.146537    6
  10  HB3   H1      8    6    4      1.090    109.500     60.000  0.146537    7
  11  SG    SH      8    6    4      1.810    116.000    180.000 -0.285182    8
  12  HG    HS     11    8    6      1.330     96.000    180.000  0.189274    9
  13  C     C       6    4    3      1.522    111.100    180.000  0.643035   10
  14  O     O      13    6    4      1.229    120.500      0.000 -0.584861   11
DONE
CYM
   1  DUMM  DU      0   -1   -2      0.000      0.000      0.000  0.000000    0
   2  DUMM  DU      1    0   -1      1.449      0.000      0.000  0.000000    0
   3  DUMM  DU      2    1    0      1.522    111.100      0.000  0.000000    0
   4  N     N       3    2    1      1.335    116.600    180.000 -0.415700    1
   5  HN    H       4    3    2      1.010    119.800      0.000  0.271900    2
   6  CA    CT      4    3    2      1.449    121.900    180.000 -0.035100    3
   7  HA    H1      6    4    3      1.090    109.500    300.000  0.050800    4
   8  CB    CT      6    4    3      1.525    111.100     60.000 -0.241300    5
   9  HB3   H1      8    6    4      1.090    109.500     60.000  0.112200    6
  10  HB2   H1      8    6    4      1.090    109.500    300.000  0.112200    7
  11  SG    SH      8    6    4      1.810    116.000    180.000 -0.884400    8
  12  C     C       6    4    3      1.522    111.100    180.000  0.597300    9
  13  O     O      12    6    4      1.229    120.500      0.000 -0.567900   10
DONE
CYX
   1  DUMM  DU      0   -1   -2      0.000      0.000      0.000  0.000000    0
   2  DUMM  DU      1    0   -1      1.449      0.000      0.000  0.000000    0
   3  DUMM  DU      2    1    0      1.522    111.100      0.000  0.000000    0
   4  N     N       3    2    1      1.335    116.600    180.000 -0.435921    1
   5  H     H       4    3    2      1.010    119.800      0.000  0.290077    2
   6  CA    CT      4    3    2      1.449    121.900    180.000 -0.030547    3
   7  HA    H1      6    4    3      1.090    109.500    300.000  0.132146    4
   8  CB    CT      6    4    3      1.525    111.100     60.000 -0.033006    5
   9  HB2   H1      8    6    4      1.090    109.500    300.000  0.078951    6
  10  HB3   H1      8    6    4      1.090    109.500     60.000  0.078951    7
  11  SG    S       8    6    4      1.810    116.000    180.000 -0.132272    8
  12  C     C       6    4    3      1.522    111.100    180.000  0.624788    9
  13  O     O      12    6    4      1.229    120.500      0.000 -0.573167   10
DONE
MET
   1  DUMM  DU      0   -1   -2      0.000      0.000      0.000  0.000000    0
   2  DUMM  DU      1    0   -1      1.449      0.000      0.000  0.000000    0
   3  DUMM  DU      2    1    0      1.522    111.100      0.000  0.000000    0
   4  N     N       3    2    1      1.335    116.600    180.000 -0.394918    1
   5  H     H       4    3    2      1.010    119.800      0.000  0.280537    2
   6  CA    CT      4    3    2      1.449    121.900    180.000 -0.087681    3
   7  HA    H1      6    4    3      1.090    109.500    300.000  0.123080    4
   8  CB    CT      6    4    3      1.525    111.100     60.000  0.019227    5
   9  HB2   HC      8    6    4      1.090    109.500    300.000  0.048840    6
  10  HB3   HC      8    6    4      1.090    109.500     60.000  0.048840    7
  11  CG    CT      8    6    4      1.525    109.470    180.000 -0.208167    8
  12  HG2   H1     11    8    6      1.090    109.500    300.000  0.124228    9
  13  HG3   H1     11    8    6      1.090    109.500     60.000  0.124228   10
  14  SD    S      11    8    6      1.810    110.000    180.000 -0.211958   11
  15  CE    CT     14   11    8      1.780    100.000    180.000 -0.284698   12
  16  HE1   H1     15   14   11      1.090    109.500     60.000  0.128394   13
  17  HE2   H1     15   14   11      1.090    109.500    180.000  0.128394   14
  18  HE3   H1     15   14   11      1.090    109.500    300.000  0.128394   15
  19  C     C       6    4    3      1.522    111.100    180.000  0.599684   16
  20  O     O      19    6    4      1.229    120.500      0.000 -0.566424   17
DONE
ACE
   1  DUMM  DU      0   -1   -2      0.000      0.000      0.000  0.000000    0
   2  DUMM  DU      1    0   -1      1.000      0.000      0.000  0.000000    0
   3  DUMM  DU      2    1    0      1.000     90.000      0.000  0.000000    0
   4  HH31  HC      3    2    1      1.000     90.000    180.000  0.076010    1
   5  CH3   CT      4    3    2      1.090     90.000    180.000 -0.190264    2
   6  HH32  HC      5    4    3      1.090    109.500     60.000  0.076011    3
   7  HH33  HC      5    4    3      1.090    109.500    300.000  0.076010    4
   8  C     C       5    4    3      1.530    111.100    180.000  0.512403    5
   9  O     O       8    5    4      1.229    120.500      0.000 -0.550170    6
DONE
NME
   1  DUMM  DU      0   -1   -2      0.000      0.000      0.000  0.000000    0
   2  DUMM  DU      1    0   -1      1.449      0.000      0.000  0.000000    0
   3  DUMM  DU      2    1    0      1.522    111.100      0.000  0.000000    0
   4  N     N       3    2    1      1.335    116.600    180.000 -0.423888    1
   5  H     H       4    3    2      1.010    119.800      0.000  0.290111    2
   6  CH3   CT      4    3    2      1.449    121.900    180.000 -0.054293    3
   7  HH31  H1      6    4    3      1.090    109.500      0.000  0.062690    4
   8  HH32  H1      6    4    3      1.090    109.500    120.000  0.062690    5
   9  HH33  H1      6    4    3      1.090    109.500    240.000  0.062690    6
DONE
NHE
   1  DUMM  DU      0   -1   -2      0.000      0.000      0.000  0.000000    0
   2  DUMM  DU      1    0   -1      1.000      0.000      0.000  0.000000    0
   3  DUMM  DU      2    1    0      1.000     90.000      0.000  0.000000    0
   4  N     N       3    2    1      1.335    116.600    180.000 -0.463000    1
   5  HN1   H       4    3    2      1.010    119.800      0.000  0.231500    2
   6  HN2   H       4    3    2      1.010    119.800    180.000  0.231500    3
DONE
HOH
   1  DUMM  DU      0   -1   -2      0.000      0.000      0.000  0.000000    0
   2  DUMM  DU      1    0   -1      1.000      0.000      0.000  0.000000    0
   3  DUMM  DU      2    1    0      1.000     90.000      0.000  0.000000    0
   4  H1    HW      3    2    1      1.000    101.430    -98.890  0.417000    1
   5  O     OW      4    3    2      0.957    104.520    -39.220 -0.834000    2
   6  H2    HW      5    4    3      0.957    104.520   -151.000  0.417000    3
DONE
ASH
   1  DUMM  DU      0   -1   -2      0.000      0.000      0.000  0.000000    0
   2  DUMM  DU      1    0   -1      1.449      0.000      0.000  0.000000    0
   3  DUMM  DU      2    1    0      1.522    111.100      0.000  0.000000    0
   4  N     N       3    2    1      1.335    116.600    180.000 -0.392069    1
   5  H     H       4    3    2      1.010    119.800      0.000  0.282413    2
   6  CA    CT      4    3    2      1.449    121.900    180.000 -0.035317    3
   7  HA    H1      6    4    3      1.090    109.500    300.000  0.094292    4
   8  CB    CT      6    4    3      1.525    111.100     60.000 -0.121405    5
   9  HB2   HC      8    6    4      1.090    109.500    300.000  0.069032    6
  10  HB3   HC      8    6    4      1.090    109.500     60.000  0.069032    7
  11  CG    C       8    6    4      1.527    109.470    180.000  0.678640    8
  12  OD1   O      11    8    6      1.260    117.200     90.000 -0.550940    9
  13  OD2   OH     11    8    6      1.260    117.200    270.000 -0.587163   10
  14  HD2   HO     13   11    8      0.960    109.500    180.000  0.438035   11
  15  C     C       6    4    3      1.522    111.100    180.000  0.620495   12
  16  O     O      15    6    4      1.229    120.500      0.000 -0.565045   13
DONE
GLH
   1  DUMM  DU      0   -1   -2      0.000      0.000      0.000  0.000000    0
   2  DUMM  DU      1    0   -1      1.449      0.000      0.000  0.000000    0
   3  DUMM  DU      2    1    0      1.522    111.100      0.000  0.000000    0
   4  N     N       3    2    1      1.335    116.600    180.000 -0.384536    1
   5  H     H       4    3    2      1.010    119.800      0.000  0.263963    2
   6  CA    CT      4    3    2      1.449    121.900    180.000 -0.060898    3
   7  HA    H1      6    4    3      1.090    109.500    300.000  0.109620    4
   8  CB    CT      6    4    3      1.525    111.100     60.000 -0.018753    5
   9  HB2   HC      8    6    4      1.090    109.500    300.000  0.034966    6
  10  HB3   HC      8    6    4      1.090    109.500     60.000  0.034966    7
  11  CG    CT      8    6    4      1.510    109.470    180.000 -0.038364    8
  12  HG2   HC     11    8    6      1.090    109.500    300.000  0.048444    9
  13  HG3   HC     11    8    6      1.090    109.500     60.000  0.048444   10
  14  CD    C      11    8    6      1.527    109.470    180.000  0.638937   11
  15  OE1   O      14   11    8      1.260    117.200     90.000 -0.559031   12
  16  OE2   OH     14   11    8      1.260    117.200    270.000 -0.588722   13
  17  HE2   HO     16   14   11      0.960    109.500    180.000  0.447661   14
  18  C     C       6    4    3      1.522    111.100    180.000  0.587056   15
  19  O     O      18    6    4      1.229    120.500      0.000 -0.563753   16
DONE
CIP
   1  DUMM  DU      0   -1   -2      0.000      0.000      0.000  0.000000    0
   2  DUMM  DU      1    0   -1      1.000      0.000      0.000  0.000000    0
   3  DUMM  DU      2    1    0      1.000     90.000      0.000  0.000000    0
   4  NA+   IP      3    2    1      1.000     90.000    180.000  1.000000    1
DONE
CIM
   1  DUMM  DU      0   -1   -2      0.000      0.000      0.000  0.000000    0
   2  DUMM  DU      1    0   -1      1.000      0.000      0.000  0.000000    0
   3  DUMM  DU      2    1    0      1.000     90.000      0.000  0.000000    0
   4  CL-   IM      3    2    1      1.000     90.000    180.000 -1.000000    1
DONE
