CALA
   1  DUMM  DU      0   -1   -2      0.000      0.000      0.000  0.00000     0
   2  DUMM  DU      1    0   -1      1.449      0.000      0.000  0.00000     0
   3  DUMM  DU      2    1    0      1.522    111.100      0.000  0.00000     0
   4  N     N       3    2    1      1.335    116.600    180.000  0.00000     1
   5  CA    P4      4    3    2      1.449    121.900    180.000  0.00000     2
   6  C     C       5    4    3      1.522    111.100    180.000  0.00000     3
DONE
CGLY
   1  DUMM  DU      0   -1   -2      0.000      0.000      0.000  0.00000     0
   2  DUMM  DU      1    0   -1      1.449      0.000      0.000  0.00000     0
   3  DUMM  DU      2    1    0      1.522    111.100      0.000  0.00000     0
   4  N     N       3    2    1      1.335    116.600    180.000  0.00000     1
   5  CA    P5      4    3    2      1.449    121.900    180.000  0.00000     2
   6  C     C       5    4    3      1.522    110.400    180.000  0.00000     3
DONE
CSER
   1  DUMM  DU      0   -1   -2      0.000      0.000      0.000  0.00000     0
   2  DUMM  DU      1    0   -1      1.449      0.000      0.000  0.00000     0
   3  DUMM  DU      2    1    0      1.522    111.100      0.000  0.00000     0
   4  N     N       3    2    1      1.335    116.600    180.000  0.00000     1
   5  CA    P5      4    3    2      1.449    121.900    180.000  0.00000     2
   6  SC1   P1      5    4    3      2.550    100.000    180.000  0.00000     3
   7  C     C       5    4    3      1.522    111.100    180.000  0.00000     4
DONE
CTHR
   1  DUMM  DU      0   -1   -2      0.000      0.000      0.000  0.00000     0
   2  DUMM  DU      1    0   -1      1.449      0.000      0.000  0.00000     0
   3  DUMM  DU      2    1    0      1.522    111.100      0.000  0.00000     0
   4  N     N       3    2    1      1.335    116.600    180.000  0.00000     1
   5  CA    P5      4    3    2      1.449    121.900    180.000  0.00000     2
   6  SC1   P1      5    4    3      2.550    100.000    180.000  0.00000     3
   7  C     C       5    4    3      1.522    111.100    180.000  0.00000     4
DONE
CLEU
   1  DUMM  DU      0   -1   -2      0.000      0.000      0.000  0.00000     0
   2  DUMM  DU      1    0   -1      1.449      0.000      0.000  0.00000     0
   3  DUMM  DU      2    1    0      1.522    111.100      0.000  0.00000     0
   4  N     N       3    2    1      1.335    116.600    180.000  0.00000     1
   5  CA    P5      4    3    2      1.449    121.900    180.000  0.00000     2
   6  SC1   C1      5    4    3      3.250    100.000    180.000  0.00000     3
   7  C     C       5    4    3      1.522    111.100    180.000  0.00000     4
DONE
CILE
   1  DUMM  DU      0   -1   -2      0.000      0.000      0.000  0.00000     0
   2  DUMM  DU      1    0   -1      1.449      0.000      0.000  0.00000     0
   3  DUMM  DU      2    1    0      1.522    111.100      0.000  0.00000     0
   4  N     N       3    2    1      1.335    116.600    180.000  0.00000     1
   5  CA    P5      4    3    2      1.449    121.900    180.000  0.00000     2
   6  SC1   C1      5    4    3      3.250    100.000    180.000  0.00000     3
   7  C     C       5    4    3      1.522    111.100    180.000  0.00000     4
DONE
CVAL
   1  DUMM  DU      0   -1   -2      0.000      0.000      0.000  0.00000     0
   2  DUMM  DU      1    0   -1      1.449      0.000      0.000  0.00000     0
   3  DUMM  DU      2    1    0      1.522    111.100      0.000  0.00000     0
   4  N     N       3    2    1      1.335    116.600    180.000  0.00000     1
   5  CA    P5      4    3    2      1.449    121.900    180.000  0.00000     2
   6  SC1   C2      5    4    3      2.650    100.000    180.000  0.00000     3
   7  C     C       5    4    3      1.522    111.100    180.000  0.00000     4
DONE
CASN
   1  DUMM  DU      0   -1   -2      0.000      0.000      0.000  0.00000     0
   2  DUMM  DU      1    0   -1      1.449      0.000      0.000  0.00000     0
   3  DUMM  DU      2    1    0      1.522    111.100      0.000  0.00000     0
   4  N     N       3    2    1      1.335    116.600    180.000  0.00000     1
   5  CA    P5      4    3    2      1.449    121.900    180.000  0.00000     2
   6  SC1   P5      5    4    3      3.200    100.000    180.000  0.00000     3
   7  C     C       5    4    3      1.522    111.100    180.000  0.00000     4
DONE
CGLN
   1  DUMM  DU      0   -1   -2      0.000      0.000      0.000  0.00000     0
   2  DUMM  DU      1    0   -1      1.449      0.000      0.000  0.00000     0
   3  DUMM  DU      2    1    0      1.522    111.100      0.000  0.00000     0
   4  N     N       3    2    1      1.335    116.600    180.000  0.00000     1
   5  CA    P5      4    3    2      1.449    121.900    180.000  0.00000     2
   6  SC1   P4      5    4    3      4.000    100.000    180.000  0.00000     3
   7  C     C       5    4    3      1.522    111.100    180.000  0.00000     4
DONE
CARG
   1  DUMM  DU      0   -1   -2      0.000      0.000      0.000  0.00000     0
   2  DUMM  DU      1    0   -1      1.449      0.000      0.000  0.00000     0
   3  DUMM  DU      2    1    0      1.522    111.100      0.000  0.00000     0
   4  N     N       3    2    1      1.335    116.600    180.000  0.00000     1
   5  CA    P5      4    3    2      1.449    121.900    180.000  0.00000     2
   6  SC1   N0      5    4    3      3.300    100.000    180.000  0.00000     3
   7  SC2   Qd      6    5    4      3.400    180.000    180.000  1.00000     4
   8  C     C       5    4    3      1.522    111.100    180.000  0.00000     5
DONE
CHIS 
   1  DUMM  DU      0   -1   -2      0.000      0.000      0.000  0.00000     0
   2  DUMM  DU      1    0   -1      1.449      0.000      0.000  0.00000     0
   3  DUMM  DU      2    1    0      1.522    111.100      0.000  0.00000     0
   4  N     N       3    2    1      1.335    116.600    180.000  0.00000     1
   5  CA    P5      4    3    2      1.449    121.900    180.000  0.00000     2
   6  SC1   SC4     5    4    3      3.100    100.000    180.000  0.00000     3
   7  SC2   SP1     6    5    4      2.700    150.000    180.000  0.00000     4
   8  SC3   SP1     7    6    5      2.700     60.000    180.000  0.00000     5
   9  C     C       5    4    3      1.522    111.100    180.000  0.00000     6
DONE
CTRP
   1  DUMM  DU      0   -1   -2      0.000      0.000      0.000  0.00000     0
   2  DUMM  DU      1    0   -1      1.449      0.000      0.000  0.00000     0
   3  DUMM  DU      2    1    0      1.522    111.100      0.000  0.00000     0
   4  N     N       3    2    1      1.335    116.600    180.000  0.00000     1
   5  CA    P5      4    3    2      1.449    121.900    180.000  0.00000     2
   6  SC1   SC4     5    4    3      3.300    100.000    180.000  0.00000     3
   7  SC2   SP1     6    5    4      2.700     90.000    180.000 -0.03000     4
   8  SC3   SC4     6    5    4      2.700    210.000    180.000  0.06000     5
   9  SC4   SC4     8    7    6      2.700     60.000      0.000 -0.36000     6
  10  C     C       5    4    3      1.522    111.100    180.000  0.00000     7
DONE
CPHE
   1  DUMM  DU      0   -1   -2      0.000      0.000      0.000  0.00000     0
   2  DUMM  DU      1    0   -1      1.449      0.000      0.000  0.00000     0
   3  DUMM  DU      2    1    0      1.522    111.100      0.000  0.00000     0
   4  N     N       3    2    1      1.335    116.600    180.000  0.00000     1
   5  CA    P5      4    3    2      1.449    121.900    180.000  0.00000     2
   6  SC1   SC4     5    4    3      2.700    100.000    180.000  0.00000     3
   7  SC2   SC4     6    5    4      2.700    150.000    180.000  0.00000     4
   8  SC3   SC4     7    6    5      2.700     60.000    180.000  0.00000     5
   9  C     C       5    4    3      1.522    111.100    180.000  0.00000     6
DONE
CTYR
   1  DUMM  DU      0   -1   -2      0.000      0.000      0.000  0.00000     0
   2  DUMM  DU      1    0   -1      1.449      0.000      0.000  0.00000     0
   3  DUMM  DU      2    1    0      1.522    111.100      0.000  0.00000     0
   4  N     N       3    2    1      1.335    116.600    180.000  0.00000     1
   5  CA    P5      4    3    2      1.449    121.900    180.000  0.00000     2
   6  SC1   SC4     5    4    3      2.700    100.000    180.000  0.00000     3
   7  SC2   SC4     6    5    4      2.700    150.000    180.000  0.00000     4
   8  SC3   SP1     7    6    5      2.700     60.000      0.000  0.00000     5
   9  C     C       5    4    3      1.522    111.100    180.000  0.00000     6
DONE
CGLU
   1  DUMM  DU      0   -1   -2      0.000      0.000      0.000  0.00000     0
   2  DUMM  DU      1    0   -1      1.449      0.000      0.000  0.00000     0
   3  DUMM  DU      2    1    0      1.522    111.100      0.000  0.00000     0
   4  N     N       3    2    1      1.335    116.600    180.000  0.00000     1
   5  CA    P5      4    3    2      1.449    121.900    180.000  0.00000     2
   6  SC1   QaE     5    4    3      4.000    100.000    180.000 -1.00000     3
   7  C     C       5    4    3      1.522    111.100    180.000  0.00000     4
DONE
CASP
   1  DUMM  DU      0   -1   -2      0.000      0.000      0.000  0.00000     0
   2  DUMM  DU      1    0   -1      1.449      0.000      0.000  0.00000     0
   3  DUMM  DU      2    1    0      1.522    111.100      0.000  0.00000     0
   4  N     N       3    2    1      1.335    116.600    180.000  0.00000     1
   5  CA    P5      4    3    2      1.449    121.900    180.000  0.00000     2
   6  SC1   QaD     5    4    3      3.200    100.000    180.000 -1.00000     3
   7  C     C       5    4    3      1.522    111.100    180.000  0.00000     4
DONE
CLYS
   1  DUMM  DU      0   -1   -2      0.000      0.000      0.000  0.00000     0
   2  DUMM  DU      1    0   -1      1.449      0.000      0.000  0.00000     0
   3  DUMM  DU      2    1    0      1.522    111.100      0.000  0.00000     0
   4  N     N       3    2    1      1.335    116.600    180.000  0.00000     1
   5  CA    P5      4    3    2      1.449    121.900    180.000  0.00000     2
   6  SC1   C3      5    4    3      3.300    100.000    180.000  0.00000     3
   7  SC2   Qd      6    5    4      2.800    180.000    180.000  1.00000     4
   8  C     C       5    4    3      1.522    111.100    180.000  0.00000     5
DONE
CPRO
   1  DUMM  DU      0   -1   -2      0.000      0.000      0.000  0.00000     0
   2  DUMM  DU      1    0   -1      1.449      0.000      0.000  0.00000     0
   3  DUMM  DU      2    1    0      1.522    111.100      0.000  0.00000     0
   4  N     N       3    2    1      1.337    117.000    180.000  0.00000     1
   5  CA    Na      4    3    2      1.451    120.600    175.200  0.00000     2
   6  SC1   C2      5    4    3      3.000    100.000    180.000  0.00000     3
   7  C     C       5    4    3      1.522    109.500    315.000  0.00000     4
DONE
CCYS
   1  DUMM  DU      0   -1   -2      0.000      0.000      0.000  0.00000     0
   2  DUMM  DU      1    0   -1      1.449      0.000      0.000  0.00000     0
   3  DUMM  DU      2    1    0      1.522    111.100      0.000  0.00000     0
   4  N     N       3    2    1      1.335    116.600    180.000  0.00000     1
   5  CA    P5      4    3    2      1.449    121.900    180.000  0.00000     2 
   6  SC1   C5C     5    4    3      3.100    100.000    180.000  0.00000     3
   7  C     C       5    4    3      1.522    111.100    180.000  0.00000     4
DONE
CMET
   1  DUMM  DU      0   -1   -2      0.000      0.000      0.000  0.00000     0
   2  DUMM  DU      1    0   -1      1.449      0.000      0.000  0.00000     0
   3  DUMM  DU      2    1    0      1.522    111.100      0.000  0.00000     0
   4  N     N       3    2    1      1.335    116.600    180.000  0.00000     1
   5  CA    P5      4    3    2      1.449    121.900    180.000  0.00000     2
   6  SC1   C5M     5    4    3      4.000    100.000    180.000  0.00000     3
   7  C     C       5    4    3      1.522    111.100    180.000  0.00000     4
DONE
