ALA
   1  DUMM  DU      0   -1   -2      0.000      0.000      0.000  0.00000     0
   2  DUMM  DU      1    0   -1      1.449      0.000      0.000  0.00000     0
   3  DUMM  DU      2    1    0      1.522    111.100      0.000  0.00000     0
   4  N     N       3    2    1      1.335    116.600    180.000 -0.49370     1
   5  H     H       4    3    2      1.010    119.800      0.000  0.30180     2
   6  CA    CT      4    3    2      1.449    121.900    180.000  0.04480     3
   7  HA    H1      6    4    3      1.090    109.500    300.000  0.02280     4
   8  CB    CT      6    4    3      1.525    111.100     60.000 -0.09090     5
   9  HB1   HC      8    6    4      1.090    109.500     60.000  0.04250     6
  10  HB2   HC      8    6    4      1.090    109.500    180.000  0.04250     7
  11  HB3   HC      8    6    4      1.090    109.500    300.000  0.04250     8
  12  C     C       6    4    3      1.522    111.100    180.000  0.67310     9
  13  O     O      12    6    4      1.229    120.500      0.000 -0.58540    10
DONE
GLY
   1  DUMM  DU      0   -1   -2      0.000      0.000      0.000  0.00000     0
   2  DUMM  DU      1    0   -1      1.449      0.000      0.000  0.00000     0
   3  DUMM  DU      2    1    0      1.522    111.100      0.000  0.00000     0
   4  N     N       3    2    1      1.335    116.600    180.000 -0.49370     1
   5  H     H       4    3    2      1.010    119.800      0.000  0.30180     2
   6  CA    CT      4    3    2      1.449    121.900    180.000 -0.03320     3
   7  HA2   H1      6    4    3      1.090    109.500    300.000  0.06870     4
   8  HA3   H1      6    4    3      1.090    109.500     60.000  0.06870     5
   9  C     C       6    4    3      1.522    110.400    180.000  0.67310     6
  10  O     O       9    6    4      1.229    120.500      0.000 -0.58540     7
DONE
SER
   1  DUMM  DU      0   -1   -2      0.000      0.000      0.000  0.00000     0
   2  DUMM  DU      1    0   -1      1.449      0.000      0.000  0.00000     0
   3  DUMM  DU      2    1    0      1.522    111.100      0.000  0.00000     0
   4  N     N       3    2    1      1.335    116.600    180.000 -0.49370     1
   5  H     H       4    3    2      1.010    119.800      0.000  0.30180     2
   6  CA    CT      4    3    2      1.449    121.900    180.000  0.07170     3
   7  HA    H1      6    4    3      1.090    109.500    300.000  0.01640     4
   8  CB    CT      6    4    3      1.525    111.100     60.000  0.13450     5
   9  HB2   H1      8    6    4      1.090    109.500    300.000  0.03610     6
  10  HB3   H1      8    6    4      1.090    109.500     60.000  0.03610     7
  11  OG    OH      8    6    4      1.430    109.470    180.000 -0.55930     8
  12  HG    HO     11    8    6      0.960    109.470    180.000  0.36870     9
  13  C     C       6    4    3      1.522    111.100    180.000  0.67310    10
  14  O     O      13    6    4      1.229    120.500      0.000 -0.58540    11
DONE
THR
   1  DUMM  DU      0   -1   -2      0.000      0.000      0.000  0.00000     0
   2  DUMM  DU      1    0   -1      1.449      0.000      0.000  0.00000     0
   3  DUMM  DU      2    1    0      1.522    111.100      0.000  0.00000     0
   4  N     N       3    2    1      1.335    116.600    180.000 -0.49370     1
   5  H     H       4    3    2      1.010    119.800      0.000  0.30180     2
   6  CA    CT      4    3    2      1.449    121.900    180.000  0.07020     3
   7  HA    H1      6    4    3      1.090    109.500    300.000  0.01640     4
   8  CB    CT      6    4    3      1.525    111.100     60.000  0.40380     5
   9  HB    H1      8    6    4      1.090    109.500    180.000 -0.09090     6
  10  CG2   CT      8    6    4      1.525    109.470    300.000 -0.21170     7
  11  HG21  HC     10    8    6      1.090    109.500     60.000  0.04960     8
  12  HG22  HC     10    8    6      1.090    109.500    180.000  0.04960     9
  13  HG23  HC     10    8    6      1.090    109.500    300.000  0.04960    10
  14  OG1   OH      8    6    4      1.430    109.470     60.000 -0.63750    11
  15  HG1   HO     14    8    6      0.960    109.470    180.000  0.40510    12
  16  C     C       6    4    3      1.522    111.100    180.000  0.67310    13
  17  O     O      16    6    4      1.229    120.500      0.000 -0.58540    14
DONE
LEU
   1  DUMM  DU      0   -1   -2      0.000      0.000      0.000  0.00000     0
   2  DUMM  DU      1    0   -1      1.449      0.000      0.000  0.00000     0
   3  DUMM  DU      2    1    0      1.522    111.100      0.000  0.00000     0
   4  N     N       3    2    1      1.335    116.600    180.000 -0.49370     1
   5  H     H       4    3    2      1.010    119.800      0.000  0.30180     2
   6  CA    CT      4    3    2      1.449    121.900    180.000 -0.00970     3
   7  HA    H1      6    4    3      1.090    109.500    300.000  0.04320     4
   8  CB    CT      6    4    3      1.525    111.100     60.000 -0.13220     5
   9  HB2   HC      8    6    4      1.090    109.500    300.000  0.03170     6
  10  HB3   HC      8    6    4      1.090    109.500     60.000  0.03170     7
  11  CG    CT      8    6    4      1.525    109.470    180.000  0.44290     8
  12  HG    HC     11    8    6      1.090    109.500    300.000 -0.06620     9
  13  CD1   CT     11    8    6      1.525    109.470     60.000 -0.43120    10
  14  HD11  HC     13   11    8      1.090    109.500     60.000  0.10420    11
  15  HD12  HC     13   11    8      1.090    109.500    180.000  0.10420    12
  16  HD13  HC     13   11    8      1.090    109.500    300.000  0.10420    13
  17  CD2   CT     11    8    6      1.525    109.470    180.000 -0.43120    14
  18  HD21  HC     17   11    8      1.090    109.500     60.000  0.10420    15
  19  HD22  HC     17   11    8      1.090    109.500    180.000  0.10420    16
  20  HD23  HC     17   11    8      1.090    109.500    300.000  0.10420    17
  21  C     C       6    4    3      1.522    111.100    180.000  0.67310    18
  22  O     O      21    6    4      1.229    120.500      0.000 -0.58540    19
DONE
ILE
   1  DUMM  DU      0   -1   -2      0.000      0.000      0.000  0.00000     0
   2  DUMM  DU      1    0   -1      1.449      0.000      0.000  0.00000     0
   3  DUMM  DU      2    1    0      1.522    111.100      0.000  0.00000     0
   4  N     N       3    2    1      1.335    116.600    180.000 -0.49370     1
   5  H     H       4    3    2      1.010    119.800      0.000  0.30180     2
   6  CA    CT      4    3    2      1.449    121.900    180.000 -0.02570     3
   7  HA    H1      6    4    3      1.090    109.500    300.000  0.06400     4
   8  CB    CT      6    4    3      1.525    109.470     60.000  0.05940     5
   9  HB    HC      8    6    4      1.090    109.500    300.000  0.02630     6
  10  CG2   CT      8    6    4      1.525    109.470     60.000 -0.30300     7
  11  HG21  HC     10    8    6      1.090    109.500     60.000  0.08240     8
  12  HG22  HC     10    8    6      1.090    109.500    180.000  0.08240     9
  13  HG23  HC     10    8    6      1.090    109.500    300.000  0.08240    10
  14  CG1   CT      8    6    4      1.525    109.470    180.000 -0.02140    11
  15  HG12  HC     14    8    6      1.090    109.500    300.000  0.02840    12
  16  HG13  HC     14    8    6      1.090    109.500     60.000  0.02840    13
  17  CD1   CT     14    8    6      1.525    109.470    180.000 -0.09420    14
  18  HD11  HC     17   14    8      1.090    109.500     60.000  0.03160    15
  19  HD12  HC     17   14    8      1.090    109.500    180.000  0.03160    16
  20  HD13  HC     17   14    8      1.090    109.500    300.000  0.03160    17
  21  C     C       6    4    3      1.522    111.100    180.000  0.67310    18
  22  O     O      21    6    4      1.229    120.500      0.000 -0.58540    19
DONE
VAL
   1  DUMM  DU      0   -1   -2      0.000      0.000      0.000  0.00000     0
   2  DUMM  DU      1    0   -1      1.449      0.000      0.000  0.00000     0
   3  DUMM  DU      2    1    0      1.522    111.100      0.000  0.00000     0
   4  N     N       3    2    1      1.335    116.600    180.000 -0.49370     1
   5  H     H       4    3    2      1.010    119.800      0.000  0.30180     2
   6  CA    CT      4    3    2      1.449    121.900    180.000 -0.05300     3
   7  HA    H1      6    4    3      1.090    109.500    300.000  0.03930     4
   8  CB    CT      6    4    3      1.525    111.100     60.000  0.36740     5
   9  HB    HC      8    6    4      1.090    109.500    300.000 -0.01450     6
  10  CG1   CT      8    6    4      1.525    109.470     60.000 -0.35840     7
  11  HG11  HC     10    8    6      1.090    109.500     60.000  0.08030     8
  12  HG12  HC     10    8    6      1.090    109.500    180.000  0.08030     9
  13  HG13  HC     10    8    6      1.090    109.500    300.000  0.08030    10
  14  CG2   CT      8    6    4      1.525    109.470    180.000 -0.35840    11
  15  HG21  HC     14    8    6      1.090    109.500     60.000  0.08030    12
  16  HG22  HC     14    8    6      1.090    109.500    180.000  0.08030    13
  17  HG23  HC     14    8    6      1.090    109.500    300.000  0.08030    14
  18  C     C       6    4    3      1.522    111.100    180.000  0.67310    15
  19  O     O      18    6    4      1.229    120.500      0.000 -0.58540    16
DONE
ASN
   1  DUMM  DU      0   -1   -2      0.000      0.000      0.000  0.00000     0
   2  DUMM  DU      1    0   -1      1.449      0.000      0.000  0.00000     0
   3  DUMM  DU      2    1    0      1.522    111.100      0.000  0.00000     0
   4  N     N       3    2    1      1.335    116.600    180.000 -0.49370     1
   5  H     H       4    3    2      1.010    119.800      0.000  0.30180     2
   6  CA    CT      4    3    2      1.449    121.900    180.000  0.05510     3
   7  HA    H1      6    4    3      1.090    109.500    300.000  0.04100     4
   8  CB    CT      6    4    3      1.525    111.100     60.000 -0.19440     5
   9  HB2   HC      8    6    4      1.090    109.500    300.000  0.08330     6
  10  HB3   HC      8    6    4      1.090    109.500     60.000  0.08330     7
  11  CG    C       8    6    4      1.522    111.100    180.000  0.66650     8
  12  OD1   O      11    8    6      1.229    120.500      0.000 -0.57540     9
  13  ND2   N      11    8    6      1.335    116.600    180.000 -0.77500    10
  14  HD21  H      13   11    8      1.010    119.800    180.000  0.35990    11
  15  HD22  H      13   11    8      1.010    119.800      0.000  0.35990    12
  16  C     C       6    4    3      1.522    111.100    180.000  0.67310    13
  17  O     O      16    6    4      1.229    120.500      0.000 -0.58540    14
DONE
GLN
   1  DUMM  DU      0   -1   -2      0.000      0.000      0.000  0.00000     0
   2  DUMM  DU      1    0   -1      1.449      0.000      0.000  0.00000     0
   3  DUMM  DU      2    1    0      1.522    111.100      0.000  0.00000     0
   4  N     N       3    2    1      1.335    116.600    180.000 -0.49370     1
   5  H     H       4    3    2      1.010    119.800      0.000  0.30180     2
   6  CA    CT      4    3    2      1.449    121.900    180.000 -0.02990     3
   7  HA    H1      6    4    3      1.090    109.500    300.000  0.03810     4
   8  CB    CT      6    4    3      1.525    111.100     60.000  0.14110     5
   9  HB2   HC      8    6    4      1.090    109.500    300.000 -0.00210     6
  10  HB3   HC      8    6    4      1.090    109.500     60.000 -0.00210     7
  11  CG    CT      8    6    4      1.525    109.470    180.000 -0.28200     8
  12  HG2   HC     11    8    6      1.090    109.500    300.000  0.11360     9
  13  HG3   HC     11    8    6      1.090    109.500     60.000  0.11360    10
  14  CD    C      11    8    6      1.522    111.100    180.000  0.70460    11
  15  OE1   O      14   11    8      1.229    120.500      0.000 -0.61620    12
  16  NE2   N      14   11    8      1.335    116.600    180.000 -0.77950    13
  17  HE21  H      16   14   11      1.010    119.800    180.000  0.35250    14
  18  HE22  H      16   14   11      1.010    119.800      0.000  0.35250    15
  19  C     C       6    4    3      1.522    111.100    180.000  0.67310    16
  20  O     O      19    6    4      1.229    120.500      0.000 -0.58540    17
DONE
ARG
   1  DUMM  DU      0   -1   -2      0.000      0.000      0.000  0.00000     0
   2  DUMM  DU      1    0   -1      1.449      0.000      0.000  0.00000     0
   3  DUMM  DU      2    1    0      1.522    111.100      0.000  0.00000     0
   4  N     N       3    2    1      1.335    116.600    180.000 -0.49370     1
   5  H     H       4    3    2      1.010    119.800      0.000  0.30180     2
   6  CA    CT      4    3    2      1.449    121.900    180.000  0.02990     3
   7  HA    H1      6    4    3      1.090    109.500    300.000  0.04760     4
   8  CB    CT      6    4    3      1.525    111.100     60.000  0.00400     5
   9  HB2   HC      8    6    4      1.090    109.500    300.000  0.02570     6
  10  HB3   HC      8    6    4      1.090    109.500     60.000  0.02570     7
  11  CG    CT      8    6    4      1.525    109.470    180.000 -0.00270     8
  12  HG2   HC     11    8    6      1.090    109.500    300.000  0.03140     9
  13  HG3   HC     11    8    6      1.090    109.500     60.000  0.03140    10
  14  CD    CT     11    8    6      1.525    109.470    180.000  0.10080    11
  15  HD2   H1     14   11    8      1.090    109.500    300.000  0.05750    12
  16  HD3   H1     14   11    8      1.090    109.500     60.000  0.05750    13
  17  NE    N2     14   11    8      1.480    111.000    180.000 -0.51110    14
  18  HE    H      17   14   11      1.010    118.500      0.000  0.32330    15
  19  CZ    CA     17   14   11      1.330    123.000    180.000  0.87080    16
  20  NH1   N2     19   17   14      1.330    122.000      0.000 -0.83480    17
  21  HH11  H      20   19   17      1.010    119.800      0.000  0.42050    18
  22  HH12  H      20   19   17      1.010    119.800    180.000  0.42050    19
  23  NH2   N2     19   17   14      1.330    118.000    180.000 -0.83480    20
  24  HH21  H      23   19   17      1.010    119.800      0.000  0.42050    21
  25  HH22  H      23   19   17      1.010    119.800    180.000  0.42050    22
  26  C     C       6    4    3      1.522    111.100    180.000  0.67310    23
  27  O     O      26    6    4      1.229    120.500      0.000 -0.58540    24
DONE
HID
   1  DUMM  DU      0   -1   -2      0.000      0.000      0.000  0.00000     0
   2  DUMM  DU      1    0   -1      1.449      0.000      0.000  0.00000     0
   3  DUMM  DU      2    1    0      1.522    111.100      0.000  0.00000     0
   4  N     N       3    2    1      1.335    116.600    180.000 -0.49370     1
   5  H     H       4    3    2      1.010    119.800      0.000  0.30180     2
   6  CA    CT      4    3    2      1.449    121.900    180.000  0.08600     3
   7  HA    H1      6    4    3      1.090    109.500    300.000  0.00680     4
   8  CB    CT      6    4    3      1.525    111.100     60.000 -0.06020     5
   9  HB2   HC      8    6    4      1.090    109.500    300.000  0.03670     6
  10  HB3   HC      8    6    4      1.090    109.500     60.000  0.03670     7
  11  CG    CC      8    6    4      1.510    115.000    180.000  0.05860     8
  12  ND1   NA     11    8    6      1.390    122.000    180.000 -0.16470     9
  13  HD1   H      12   11    8      1.010    126.000      0.000  0.27210    10
  14  CE1   CR     12   11    8      1.320    108.000    180.000  0.09850    11
  15  HE1   H5     14   12   11      1.090    120.000    180.000  0.10160    12
  16  NE2   NB     14   12   11      1.310    109.000      0.000 -0.47150    13
  17  CD2   CV     16   14   12      1.360    110.000      0.000  0.01030    14
  18  HD2   H4     17   16   14      1.090    120.000    180.000  0.09330    15
  19  C     C       6    4    3      1.522    111.100    180.000  0.67310    16
  20  O     O      19    6    4      1.229    120.500      0.000 -0.58540    17
DONE
HIE
   1  DUMM  DU      0   -1   -2      0.000      0.000      0.000  0.00000     0
   2  DUMM  DU      1    0   -1      1.449      0.000      0.000  0.00000     0
   3  DUMM  DU      2    1    0      1.522    111.100      0.000  0.00000     0
   4  N     N       3    2    1      1.335    116.600    180.000 -0.49370     1
   5  H     H       4    3    2      1.010    119.800      0.000  0.30180     2
   6  CA    CT      4    3    2      1.449    121.900    180.000  0.03760     3
   7  HA    H1      6    4    3      1.090    109.500    300.000  0.02170     4
   8  CB    CT      6    4    3      1.525    111.100     60.000 -0.04130     5
   9  HB2   HC      8    6    4      1.090    109.500    300.000  0.04760     6
  10  HB3   HC      8    6    4      1.090    109.500     60.000  0.04760     7
  11  CG    CC      8    6    4      1.510    115.000    180.000  0.25020     8
  12  ND1   NB     11    8    6      1.390    122.000    180.000 -0.56660     9
  13  CE1   CR     12   11    8      1.320    108.000    180.000  0.23110    10
  14  HE1   H5     13   12   11      1.090    120.000    180.000  0.06790    11
  15  NE2   NA     13   12   11      1.310    109.000      0.000 -0.21100    12
  16  HE2   H      15   13   12      1.010    125.000    180.000  0.29010    13
  17  CD2   CW     15   13   12      1.360    110.000      0.000 -0.22810    14
  18  HD2   H4     17   15   13      1.090    120.000    180.000  0.15740    15
  19  C     C       6    4    3      1.522    111.100    180.000  0.67310    16
  20  O     O      19    6    4      1.229    120.500      0.000 -0.58540    17
DONE
HIP
   1  DUMM  DU      0   -1   -2      0.000      0.000      0.000  0.00000     0
   2  DUMM  DU      1    0   -1      1.449      0.000      0.000  0.00000     0
   3  DUMM  DU      2    1    0      1.522    111.100      0.000  0.00000     0
   4  N     N       3    2    1      1.335    116.600    180.000 -0.49370     1
   5  H     H       4    3    2      1.010    119.800      0.000  0.30180     2
   6  CA    CT      4    3    2      1.449    121.900    180.000  0.22910     3
   7  HA    H1      6    4    3      1.090    109.500    300.000 -0.02230     4
   8  CB    CT      6    4    3      1.525    111.100     60.000 -0.03620     5
   9  HB2   HC      8    6    4      1.090    109.500    300.000  0.04900     6
  10  HB3   HC      8    6    4      1.090    109.500     60.000  0.04900     7
  11  CG    CC      8    6    4      1.510    115.000    180.000  0.08840     8
  12  ND1   NA     11    8    6      1.390    122.000    180.000 -0.01880     9
  13  HD1   H      12   11    8      1.010    126.000      0.000  0.29610    10
  14  CE1   CR     12   11    8      1.320    108.000    180.000 -0.07350    11
  15  HE1   H5     14   12   11      1.090    120.000    180.000  0.21240    12
  16  NE2   NA     14   12   11      1.310    109.000      0.000 -0.02920    13
  17  HE2   H      16   14   12      1.010    125.000    180.000  0.31510    14
  18  CD2   CW     16   14   12      1.360    110.000      0.000 -0.14520    15
  19  HD2   H4     18   16   14      1.090    120.000    180.000  0.19030    16
  20  C     C       6    4    3      1.522    111.100    180.000  0.67310    17
  21  O     O      20    6    4      1.229    120.500      0.000 -0.58540    18
DONE
TRP
   1  DUMM  DU      0   -1   -2      0.000      0.000      0.000  0.00000     0
   2  DUMM  DU      1    0   -1      1.449      0.000      0.000  0.00000     0
   3  DUMM  DU      2    1    0      1.522    111.100      0.000  0.00000     0
   4  N     N       3    2    1      1.335    116.600    180.000 -0.49370     1
   5  H     H       4    3    2      1.010    119.800      0.000  0.30180     2
   6  CA    CT      4    3    2      1.449    121.900    180.000  0.02330     3
   7  HA    H1      6    4    3      1.090    109.500    300.000  0.03760     4
   8  CB    CT      6    4    3      1.525    111.100     60.000 -0.01680     5
   9  HB2   HC      8    6    4      1.090    109.500    300.000  0.03070     6
  10  HB3   HC      8    6    4      1.090    109.500     60.000  0.03070     7
  11  CG    C*      8    6    4      1.510    115.000    180.000 -0.09880     8
  12  CD1   CW     11    8    6      1.340    127.000    180.000 -0.08080     9
  13  HD1   H4     12   11    8      1.090    120.000      0.000  0.14340    10
  14  NE1   NA     12   11    8      1.430    107.000    180.000 -0.35420    11
  15  HE1   H      14   12   11      1.010    125.500    180.000  0.34030    12
  16  CE2   CN     14   12   11      1.310    109.000      0.000  0.16560    13
  17  CZ2   CA     16   14   12      1.400    128.000    180.000 -0.22790    14
  18  HZ2   HA     17   16   14      1.090    120.000      0.000  0.13820    15
  19  CH2   CA     17   16   14      1.390    116.000    180.000 -0.11100    16
  20  HH2   HA     19   17   16      1.090    120.000    180.000  0.10760    17
  21  CZ3   CA     19   17   16      1.350    121.000      0.000 -0.14940    18
  22  HZ3   HA     21   19   17      1.090    120.000    180.000  0.10870    19
  23  CE3   CA     21   19   17      1.410    122.000      0.000 -0.21590    20
  24  HE3   HA     23   21   19      1.090    120.000    180.000  0.15610    21
  25  CD2   CB     23   21   19      1.400    117.000      0.000  0.07680    22
  26  C     C       6    4    3      1.522    111.100    180.000  0.67310    23
  27  O     O      26    6    4      1.229    120.500      0.000 -0.58540    24
DONE
PHE
   1  DUMM  DU      0   -1   -2      0.000      0.000      0.000  0.00000     0
   2  DUMM  DU      1    0   -1      1.449      0.000      0.000  0.00000     0
   3  DUMM  DU      2    1    0      1.522    111.100      0.000  0.00000     0
   4  N     N       3    2    1      1.335    116.600    180.000 -0.49370     1
   5  H     H       4    3    2      1.010    119.800      0.000  0.30180     2
   6  CA    CT      4    3    2      1.449    121.900    180.000  0.04160     3
   7  HA    H1      6    4    3      1.090    109.500    300.000  0.01840     4
   8  CB    CT      6    4    3      1.525    111.100     60.000 -0.00210     5
   9  HB2   HC      8    6    4      1.090    109.500    300.000  0.02420     6
  10  HB3   HC      8    6    4      1.090    109.500     60.000  0.02420     7
  11  CG    CA      8    6    4      1.510    115.000    180.000  0.02930     8
  12  CD1   CA     11    8    6      1.400    120.000    180.000 -0.10500     9
  13  HD1   HA     12   11    8      1.090    120.000      0.000  0.11230    10
  14  CE1   CA     12   11    8      1.400    120.000    180.000 -0.15060    11
  15  HE1   HA     14   12   11      1.090    120.000    180.000  0.11610    12
  16  CZ    CA     14   12   11      1.400    120.000      0.000 -0.07700    13
  17  HZ    HA     16   14   12      1.090    120.000    180.000  0.10000    14
  18  CE2   CA     16   14   12      1.400    120.000      0.000 -0.15060    15
  19  HE2   HA     18   16   14      1.090    120.000    180.000  0.11610    16
  20  CD2   CA     18   16   14      1.400    120.000      0.000 -0.10500    17
  21  HD2   HA     20   18   16      1.090    120.000    180.000  0.11230    18
  22  C     C       6    4    3      1.522    111.100    180.000  0.67310    19
  23  O     O      22    6    4      1.229    120.500      0.000 -0.58540    20
DONE
TYR
   1  DUMM  DU      0   -1   -2      0.000      0.000      0.000  0.00000     0
   2  DUMM  DU      1    0   -1      1.449      0.000      0.000  0.00000     0
   3  DUMM  DU      2    1    0      1.522    111.100      0.000  0.00000     0
   4  N     N       3    2    1      1.335    116.600    180.000 -0.49370     1
   5  H     H       4    3    2      1.010    119.800      0.000  0.30180     2
   6  CA    CT      4    3    2      1.449    121.900    180.000 -0.00100     3
   7  HA    H1      6    4    3      1.090    109.500    300.000  0.05560     4
   8  CB    CT      6    4    3      1.525    111.100     60.000  0.02110     5
   9  HB2   HC      8    6    4      1.090    109.500    300.000  0.02250     6
  10  HB3   HC      8    6    4      1.090    109.500     60.000  0.02250     7
  11  CG    CA      8    6    4      1.510    109.470    180.000 -0.00170     8
  12  CD1   CA     11    8    6      1.400    120.000    180.000 -0.14590     9
  13  HD1   HA     12   11    8      1.090    120.000      0.000  0.11950    10
  14  CE1   CA     12   11    8      1.400    120.000    180.000 -0.18480    11
  15  HE1   HA     14   12   11      1.090    120.000    180.000  0.13670    12
  16  CZ    CA     14   12   11      1.400    120.000      0.000  0.25160    13
  17  OH    OH     16   14   12      1.360    120.000    180.000 -0.47570    14
  18  HH    HO     17   16   14      0.960    113.000      0.000  0.35830    15
  19  CE2   CA     16   14   12      1.400    120.000      0.000 -0.18480    16
  20  HE2   HA     19   16   14      1.090    120.000    180.000  0.13670    17
  21  CD2   CA     19   16   14      1.400    120.000      0.000 -0.14590    18
  22  HD2   HA     21   19   16      1.090    120.000    180.000  0.11950    19
  23  C     C       6    4    3      1.522    111.100    180.000  0.67310    20
  24  O     O      23    6    4      1.229    120.500      0.000 -0.58540    21
DONE
GLU
   1  DUMM  DU      0   -1   -2      0.000      0.000      0.000  0.00000     0
   2  DUMM  DU      1    0   -1      1.449      0.000      0.000  0.00000     0
   3  DUMM  DU      2    1    0      1.522    111.100      0.000  0.00000     0
   4  N     N       3    2    1      1.335    116.600    180.000 -0.49370     1
   5  H     H       4    3    2      1.010    119.800      0.000  0.30180     2
   6  CA    CT      4    3    2      1.449    121.900    180.000 -0.23840     3
   7  HA    H1      6    4    3      1.090    109.500    300.000  0.09370     4
   8  CB    CT      6    4    3      1.525    111.100     60.000  0.30530     5
   9  HB2   HC      8    6    4      1.090    109.500    300.000 -0.07040     6
  10  HB3   HC      8    6    4      1.090    109.500     60.000 -0.07040     7
  11  CG    CT      8    6    4      1.510    109.470    180.000 -0.16710     8
  12  HG2   HC     11    8    6      1.090    109.500    300.000  0.03130     9
  13  HG3   HC     11    8    6      1.090    109.500     60.000  0.03130    10
  14  CD    C      11    8    6      1.527    109.470    180.000  0.66130    11
  15  OE1   O2     14   11    8      1.260    117.200     90.000 -0.73620    12
  16  OE2   O2     14   11    8      1.260    117.200    270.000 -0.73620    13
  17  C     C       6    4    3      1.522    111.100    180.000  0.67310    14
  18  O     O      17    6    4      1.229    120.500      0.000 -0.58540    15
DONE
ASP
   1  DUMM  DU      0   -1   -2      0.000      0.000      0.000  0.00000     0
   2  DUMM  DU      1    0   -1      1.449      0.000      0.000  0.00000     0
   3  DUMM  DU      2    1    0      1.522    111.100      0.000  0.00000     0
   4  N     N       3    2    1      1.335    116.600    180.000 -0.49370     1
   5  H     H       4    3    2      1.010    119.800      0.000  0.30180     2
   6  CA    CT      4    3    2      1.449    121.900    180.000 -0.16670     3
   7  HA    H1      6    4    3      1.090    109.500    300.000  0.06560     4
   8  CB    CT      6    4    3      1.525    111.100     60.000  0.00210     5
   9  HB2   HC      8    6    4      1.090    109.500    300.000 -0.02100     6
  10  HB3   HC      8    6    4      1.090    109.500     60.000 -0.02100     7
  11  CG    C       8    6    4      1.527    109.470    180.000  0.76720     8
  12  OD1   O2     11    8    6      1.260    117.200     90.000 -0.76100     9
  13  OD2   O2     11    8    6      1.260    117.200    270.000 -0.76100    10
  14  C     C       6    4    3      1.522    111.100    180.000  0.67310    11
  15  O     O      14    6    4      1.229    120.500      0.000 -0.58540    12
DONE
LYS
   1  DUMM  DU      0   -1   -2      0.000      0.000      0.000  0.00000     0
   2  DUMM  DU      1    0   -1      1.449      0.000      0.000  0.00000     0
   3  DUMM  DU      2    1    0      1.522    111.100      0.000  0.00000     0
   4  N     N       3    2    1      1.335    116.600    180.000 -0.49370     1
   5  H     H       4    3    2      1.010    119.800      0.000  0.30180     2
   6  CA    CT      4    3    2      1.449    121.900    180.000  0.03430     3
   7  HA    H1      6    4    3      1.090    109.500    300.000  0.04640     4
   8  CB    CT      6    4    3      1.525    111.100     60.000 -0.01960     5
   9  HB2   HC      8    6    4      1.090    109.500    300.000  0.01430     6
  10  HB3   HC      8    6    4      1.090    109.500     60.000  0.01430     7
  11  CG    CT      8    6    4      1.525    109.470    180.000 -0.02330     8
  12  HG2   HC     11    8    6      1.090    109.500    300.000  0.04330     9
  13  HG3   HC     11    8    6      1.090    109.500     60.000  0.04330    10
  14  CD    CT     11    8    6      1.525    109.470    180.000 -0.05740    11
  15  HD2   HC     14   11    8      1.090    109.500    300.000  0.06020    12
  16  HD3   HC     14   11    8      1.090    109.500     60.000  0.06020    13
  17  CE    CT     14   11    8      1.525    109.470    180.000  0.14610    14
  18  HE2   HP     17   14   11      1.090    109.500    300.000  0.04700    15
  19  HE3   HP     17   14   11      1.090    109.500     60.000  0.04700    16
  20  NZ    N3     17   14   11      1.470    109.470    180.000 -0.21350    17
  21  HZ1   H      20   17   14      1.010    109.470     60.000  0.28720    18
  22  HZ2   H      20   17   14      1.010    109.470    180.000  0.28720    19
  23  HZ3   H      20   17   14      1.010    109.470    300.000  0.28720    20
  24  C     C       6    4    3      1.522    111.100    180.000  0.67310    21
  25  O     O      24    6    4      1.229    120.500      0.000 -0.58540    22
DONE
LYN
   1  DUMM  DU      0   -1   -2      0.000      0.000      0.000  0.00000     0
   2  DUMM  DU      1    0   -1      1.449      0.000      0.000  0.00000     0
   3  DUMM  DU      2    1    0      1.522    111.100      0.000  0.00000     0
   4  N     N       3    2    1      1.335    116.600    180.000 -0.49370     1
   5  H     H       4    3    2      1.010    119.800      0.000  0.30180     2
   6  CA    CT      4    3    2      1.449    121.900    180.000 -0.02750     3
   7  HA    H1      6    4    3      1.090    109.500    300.000  0.05660     4
   8  CB    CT      6    4    3      1.525    111.100     60.000  0.00840     5
   9  HB2   HC      8    6    4      1.090    109.500    300.000 -0.00110     6
  10  HB3   HC      8    6    4      1.090    109.500     60.000 -0.00110     7
  11  CG    CT      8    6    4      1.525    109.470    180.000 -0.02830     8
  12  HG2   HC     11    8    6      1.090    109.500    300.000  0.02860     9
  13  HG3   HC     11    8    6      1.090    109.500     60.000  0.02860    10
  14  CD    CT     11    8    6      1.525    109.470    180.000 -0.08000    11
  15  HD2   HC     14   11    8      1.090    109.500    300.000  0.05180    12
  16  HD3   HC     14   11    8      1.090    109.500     60.000  0.05180    13
  17  CE    CT     14   11    8      1.525    109.470    180.000  0.33290    14
  18  HE2   H1     17   14   11      1.090    109.500    300.000 -0.04050    15
  19  HE3   H1     17   14   11      1.090    109.500     60.000 -0.04050    16
  20  NZ    NT     17   14   11      1.470    109.470    180.000 -0.89610    17
  21  HZ2   H      20   17   14      1.010    109.470    180.000  0.33030    18
  22  HZ3   H      20   17   14      1.010    109.470    300.000  0.33030    19
  23  C     C       6    4    3      1.522    111.100    180.000  0.67310    20
  24  O     O      24    6    4      1.229    120.500      0.000 -0.58540    21
DONE
PRO
   1  DUMM  DU      0   -1   -2      0.000      0.000      0.000  0.00000     0
   2  DUMM  DU      1    0   -1      1.449      0.000      0.000  0.00000     0
   3  DUMM  DU      2    1    0      1.522    111.100      0.000  0.00000     0
   4  N     N       3    2    1      1.337    117.000    180.000 -0.27540     1
   5  CD    CT      4    3    2      1.458    126.100    356.100  0.06280     2
   6  HD2   H1      5    4    3      1.090    109.500     80.000  0.02730     3
   7  HD3   H1      5    4    3      1.090    109.500    320.000  0.02730     4
   8  CG    CT      5    4    3      1.500    103.200    200.100  0.06320     5
   9  HG2   HC      8    5    4      1.090    109.500    218.000  0.00630     6
  10  HG3   HC      8    5    4      1.090    109.500     98.000  0.00630     7
  11  CB    CT      8    5    4      1.510    106.000    338.300  0.02620     8
  12  HB2   HC     11    8    5      1.090    109.500    256.300  0.02140     9
  13  HB3   HC     11    8    5      1.090    109.500    136.300  0.02140    10
  14  CA    CT      4    3    2      1.451    120.600    175.200 -0.15030    11
  15  HA    H1     14    4    3      1.090    109.500     60.000  0.07580    12
  16  C     C      14    4    3      1.522    109.500    300.000  0.67310    13
  17  O     O      16   14    4      1.229    120.500      0.000 -0.58540    14
DONE
CYS
   1  DUMM  DU      0   -1   -2      0.000      0.000      0.000  0.00000     0
   2  DUMM  DU      1    0   -1      1.449      0.000      0.000  0.00000     0
   3  DUMM  DU      2    1    0      1.522    111.100      0.000  0.00000     0
   4  N     N       3    2    1      1.335    116.600    180.000 -0.49370     1
   5  H     H       4    3    2      1.010    119.800      0.000  0.30180     2
   6  CA    CT      4    3    2      1.449    121.900    180.000  0.08050     3
   7  HA    H1      6    4    3      1.090    109.500    300.000  0.02670     4
   8  CB    CT      6    4    3      1.525    111.100     60.000 -0.00520     5
   9  HB2   H1      8    6    4      1.090    109.500    300.000  0.04480     6
  10  HB3   H1      8    6    4      1.090    109.500     60.000  0.04480     7
  11  SG    SH      8    6    4      1.810    116.000    180.000 -0.24290     8
  12  HG    HS     11    8    6      1.330     96.000    180.000  0.15550     9
  13  C     C       6    4    3      1.522    111.100    180.000  0.67310    10
  14  O     O      13    6    4      1.229    120.500      0.000 -0.58540    11
DONE
CYM
   1  DUMM  DU      0   -1   -2      0.000      0.000      0.000  0.00000     0
   2  DUMM  DU      1    0   -1      1.449      0.000      0.000  0.00000     0
   3  DUMM  DU      2    1    0      1.522    111.100      0.000  0.00000     0
   4  N     N       3    2    1      1.335    116.600    180.000 -0.49370     1
   5  HN    H       4    3    2      1.010    119.800      0.000  0.30180     2
   6  CA    CT      4    3    2      1.449    121.900    180.000 -0.28700     3
   7  HA    H1      6    4    3      1.090    109.500    300.000  0.12030     4
   8  CB    CT      6    4    3      1.525    111.100     60.000  0.09350     5
   9  HB3   H1      8    6    4      1.090    109.500     60.000  0.01250     6
  10  HB2   H1      8    6    4      1.090    109.500    300.000  0.01250     7
  11  SG    SH      8    6    4      1.810    116.000    180.000 -0.84760     8
  12  C     C       6    4    3      1.522    111.100    180.000  0.67310     9
  13  O     O      12    6    4      1.229    120.500      0.000 -0.58540    10
DONE
CYX
   1  DUMM  DU      0   -1   -2      0.000      0.000      0.000  0.00000     0
   2  DUMM  DU      1    0   -1      1.449      0.000      0.000  0.00000     0
   3  DUMM  DU      2    1    0      1.522    111.100      0.000  0.00000     0
   4  N     N       3    2    1      1.335    116.600    180.000 -0.49370     1
   5  H     H       4    3    2      1.010    119.800      0.000  0.30180     2
   6  CA    CT      4    3    2      1.449    121.900    180.000  0.05990     3
   7  HA    H1      6    4    3      1.090    109.500    300.000  0.03630     4
   8  CB    CT      6    4    3      1.525    111.100     60.000  0.00270     5
   9  HB2   H1      8    6    4      1.090    109.500    300.000  0.04730     6
  10  HB3   H1      8    6    4      1.090    109.500     60.000  0.04730     7
  11  SG    S       8    6    4      1.810    116.000    180.000 -0.08930     8
  12  C     C       6    4    3      1.522    111.100    180.000  0.67310     9
  13  O     O      12    6    4      1.229    120.500      0.000 -0.58540    10
DONE
MET
   1  DUMM  DU      0   -1   -2      0.000      0.000      0.000  0.00000     0
   2  DUMM  DU      1    0   -1      1.449      0.000      0.000  0.00000     0
   3  DUMM  DU      2    1    0      1.522    111.100      0.000  0.00000     0
   4  N     N       3    2    1      1.335    116.600    180.000 -0.49370     1
   5  H     H       4    3    2      1.010    119.800      0.000  0.30180     2
   6  CA    CT      4    3    2      1.449    121.900    180.000  0.01100     3
   7  HA    H1      6    4    3      1.090    109.500    300.000  0.03160     4
   8  CB    CT      6    4    3      1.525    111.100     60.000  0.09400     5
   9  HB2   HC      8    6    4      1.090    109.500    300.000 -0.01900     6
  10  HB3   HC      8    6    4      1.090    109.500     60.000 -0.01900     7
  11  CG    CT      8    6    4      1.525    109.470    180.000 -0.01300     8
  12  HG2   H1     11    8    6      1.090    109.500    300.000  0.06950     9
  13  HG3   H1     11    8    6      1.090    109.500     60.000  0.06950    10
  14  SD    S      11    8    6      1.810    110.000    180.000 -0.23940    11
  15  CE    CT     14   11    8      1.780    100.000    180.000 -0.05500    12
  16  HE1   H1     15   14   11      1.090    109.500     60.000  0.05800    13
  17  HE2   H1     15   14   11      1.090    109.500    180.000  0.05800    14
  18  HE3   H1     15   14   11      1.090    109.500    300.000  0.05800    15
  19  C     C       6    4    3      1.522    111.100    180.000  0.67310    16
  20  O     O      19    6    4      1.229    120.500      0.000 -0.58540    17
DONE
ACE
   1  DUMM  DU      0   -1   -2      0.000      0.000      0.000  0.00000     0
   2  DUMM  DU      1    0   -1      1.000      0.000      0.000  0.00000     0
   3  DUMM  DU      2    1    0      1.000     90.000      0.000  0.00000     0
   4  HH31  HC      3    2    1      1.000     90.000    180.000  0.14370     1
   5  CH3   CT      4    3    2      1.090     90.000    180.000 -0.51880     2
   6  HH32  HC      5    4    3      1.090    109.500     60.000  0.14370     3
   7  HH33  HC      5    4    3      1.090    109.500    300.000  0.14370     4
   8  C     C       5    4    3      1.530    111.100    180.000  0.67310     5
   9  O     O       8    5    4      1.229    120.500      0.000 -0.58540     6
DONE
NME
   1  DUMM  DU      0   -1   -2      0.000      0.000      0.000  0.00000     0
   2  DUMM  DU      1    0   -1      1.449      0.000      0.000  0.00000     0
   3  DUMM  DU      2    1    0      1.522    111.100      0.000  0.00000     0
   4  N     N       3    2    1      1.335    116.600    180.000 -0.49370     1
   5  H     H       4    3    2      1.010    119.800      0.000  0.30180     2
   6  CH3   CT      4    3    2      1.449    121.900    180.000 -0.00760     3
   7  HH31  H1      6    4    3      1.090    109.500      0.000  0.06650     4
   8  HH32  H1      6    4    3      1.090    109.500    120.000  0.06650     5
   9  HH33  H1      6    4    3      1.090    109.500    240.000  0.06650     6
DONE
ASH
   1  DUMM  DU      0   -1   -2      0.000      0.000      0.000  0.00000     0
   2  DUMM  DU      1    0   -1      1.449      0.000      0.000  0.00000     0
   3  DUMM  DU      2    1    0      1.522    111.100      0.000  0.00000     0
   4  N     N       3    2    1      1.335    116.600    180.000 -0.49370     1
   5  H     H       4    3    2      1.010    119.800      0.000  0.30180     2
   6  CA    CT      4    3    2      1.449    121.900    180.000  0.11200     3
   7  HA    H1      6    4    3      1.090    109.500    300.000  0.01080     4
   8  CB    CT      6    4    3      1.525    111.100     60.000 -0.04170     5
   9  HB2   HC      8    6    4      1.090    109.500    300.000  0.04550     6
  10  HB3   HC      8    6    4      1.090    109.500     60.000  0.04550     7
  11  CG    C       8    6    4      1.527    109.470    180.000  0.60660     8
  12  OD1   O      11    8    6      1.260    117.200     90.000 -0.54400     9
  13  OD2   OH     11    8    6      1.260    117.200    270.000 -0.57020    10
  14  HD2   HO     13   11    8      0.960    109.500    180.000  0.43970    11
  15  C     C       6    4    3      1.522    111.100    180.000  0.67310    12
  16  O     O      15    6    4      1.229    120.500      0.000 -0.58540    13
DONE
GLH
   1  DUMM  DU      0   -1   -2      0.000      0.000      0.000  0.00000     0
   2  DUMM  DU      1    0   -1      1.449      0.000      0.000  0.00000     0
   3  DUMM  DU      2    1    0      1.522    111.100      0.000  0.00000     0
   4  N     N       3    2    1      1.335    116.600    180.000 -0.49370     1
   5  H     H       4    3    2      1.010    119.800      0.000  0.30180     2
   6  CA    CT      4    3    2      1.449    121.900    180.000  0.02270     3
   7  HA    H1      6    4    3      1.090    109.500    300.000  0.03890     4
   8  CB    CT      6    4    3      1.525    111.100     60.000 -0.00180     5
   9  HB2   HC      8    6    4      1.090    109.500    300.000  0.02780     6
  10  HB3   HC      8    6    4      1.090    109.500     60.000  0.02780     7
  11  CG    CT      8    6    4      1.510    109.470    180.000 -0.10540     8
  12  HG2   HC     11    8    6      1.090    109.500    300.000  0.07870     9
  13  HG3   HC     11    8    6      1.090    109.500     60.000  0.07870    10
  14  CD    C      11    8    6      1.527    109.470    180.000  0.66990    11
  15  OE1   O      14   11    8      1.260    117.200     90.000 -0.57290    12
  16  OE2   OH     14   11    8      1.260    117.200    270.000 -0.59640    13
  17  HE2   HO     16   14   11      0.960    109.500    180.000  0.43620    14
  18  C     C       6    4    3      1.522    111.100    180.000  0.67310    15
  19  O     O      18    6    4      1.229    120.500      0.000 -0.58540    16
DONE
CIP
   1  DUMM  DU      0   -1   -2      0.000      0.000      0.000  0.00000     0
   2  DUMM  DU      1    0   -1      1.000      0.000      0.000  0.00000     0
   3  DUMM  DU      2    1    0      1.000     90.000      0.000  0.00000     0
   4  NA+   IP      3    2    1      1.000     90.000    180.000  1.00000     1
DONE
CIM
   1  DUMM  DU      0   -1   -2      0.000      0.000      0.000  0.00000     0
   2  DUMM  DU      1    0   -1      1.000      0.000      0.000  0.00000     0
   3  DUMM  DU      2    1    0      1.000     90.000      0.000  0.00000     0
   4  CL-   IM      3    2    1      1.000     90.000    180.000 -1.00000     1
DONE
