CALA
   1  DUMM  DU      0   -1   -2      0.000      0.000      0.000  0.00000     0
   2  DUMM  DU      1    0   -1      1.449      0.000      0.000  0.00000     0
   3  DUMM  DU      2    1    0      1.522    111.100      0.000  0.00000     0
   4  N     N       3    2    1      1.335    116.600    180.000 -0.44200     1
   5  H     H       4    3    2      1.010    119.800      0.000  0.29520     2
   6  CA    CT      4    3    2      1.449    121.900    180.000 -0.06790     3
   7  HA    H1      6    4    3      1.090    109.500    300.000  0.07080     4
   8  CB    CT      6    4    3      1.525    111.100     60.000 -0.12260     5
   9  HB1   HC      8    6    4      1.090    109.500     60.000  0.05860     6
  10  HB2   HC      8    6    4      1.090    109.500    180.000  0.05860     7
  11  HB3   HC      8    6    4      1.090    109.500    300.000  0.05860     8
  12  C     C       6    4    3      1.522    111.100    180.000  0.57710     9
  13  O     O2     12    6    4      1.229    120.500      0.000 -0.74320    10
  14  OXT   O2     12    6    4      1.229    120.500    180.000 -0.74320    11
DONE
CGLY
   1  DUMM  DU      0   -1   -2      0.000      0.000      0.000  0.00000     0
   2  DUMM  DU      1    0   -1      1.449      0.000      0.000  0.00000     0
   3  DUMM  DU      2    1    0      1.522    111.100      0.000  0.00000     0
   4  N     N       3    2    1      1.335    116.600    180.000 -0.44200     1
   5  H     H       4    3    2      1.010    119.800      0.000  0.29520     2
   6  CA    CT      4    3    2      1.449    121.900    180.000 -0.15090     3
   7  HA2   H1      6    4    3      1.090    109.500    300.000  0.10350     4
   8  HA3   H1      6    4    3      1.090    109.500     60.000  0.10350     5
   9  C     C       6    4    3      1.522    110.400    180.000  0.57710     6
  10  O     O2      9    6    4      1.229    120.500      0.000 -0.74320     7
  11  OXT   O2      9    6    4      1.229    120.500    180.000 -0.74320     8
DONE
CSER
   1  DUMM  DU      0   -1   -2      0.000      0.000      0.000  0.00000     0
   2  DUMM  DU      1    0   -1      1.449      0.000      0.000  0.00000     0
   3  DUMM  DU      2    1    0      1.522    111.100      0.000  0.00000     0
   4  N     N       3    2    1      1.335    116.600    180.000 -0.44200     1
   5  H     H       4    3    2      1.010    119.800      0.000  0.29520     2
   6  CA    CT      4    3    2      1.449    121.900    180.000 -0.03560     3
   7  HA    H1      6    4    3      1.090    109.500    300.000  0.06660     4
   8  CB    CT      6    4    3      1.525    111.100     60.000  0.07480     5
   9  HB2   H1      8    6    4      1.090    109.500    300.000  0.06020     6
  10  HB3   H1      8    6    4      1.090    109.500     60.000  0.06020     7
  11  OG    OH      8    6    4      1.430    109.470    180.000 -0.54190     8
  12  HG    HO     11    8    6      0.960    109.470    180.000  0.37180     9
  13  C     C       6    4    3      1.522    111.100    180.000  0.57710    10
  14  O     O2     13    6    4      1.229    120.500      0.000 -0.74320    11
  15  OXT   O2     13    6    4      1.229    120.500    180.000 -0.74320    12
DONE
CTHR
   1  DUMM  DU      0   -1   -2      0.000      0.000      0.000  0.00000     0
   2  DUMM  DU      1    0   -1      1.449      0.000      0.000  0.00000     0
   3  DUMM  DU      2    1    0      1.522    111.100      0.000  0.00000     0
   4  N     N       3    2    1      1.335    116.600    180.000 -0.44200     1
   5  H     H       4    3    2      1.010    119.800      0.000  0.29520     2
   6  CA    CT      4    3    2      1.449    121.900    180.000 -0.01380     3
   7  HA    H1      6    4    3      1.090    109.500    300.000  0.04740     4
   8  CB    CT      6    4    3      1.525    111.100     60.000  0.35140     5
   9  HB    H1      8    6    4      1.090    109.500    180.000 -0.06080     6
  10  CG2   CT      8    6    4      1.525    109.470    300.000 -0.18880     7
  11  HG21  HC     10    8    6      1.090    109.500     60.000  0.04510     8
  12  HG22  HC     10    8    6      1.090    109.500    180.000  0.04510     9
  13  HG23  HC     10    8    6      1.090    109.500    300.000  0.04510    10
  14  OG1   OH      8    6    4      1.430    109.470     60.000 -0.61760    11
  15  HG1   HO     14    8    6      0.960    109.470    180.000  0.40300    12
  16  C     C       6    4    3      1.522    111.100    180.000  0.57710    13
  17  O     O2     16    6    4      1.229    120.500      0.000 -0.74320    14
  18  OXT   O2     16    6    4      1.229    120.500    180.000 -0.74320    15
DONE
CLEU
   1  DUMM  DU      0   -1   -2      0.000      0.000      0.000  0.00000     0
   2  DUMM  DU      1    0   -1      1.449      0.000      0.000  0.00000     0
   3  DUMM  DU      2    1    0      1.522    111.100      0.000  0.00000     0
   4  N     N       3    2    1      1.335    116.600    180.000 -0.44200     1
   5  H     H       4    3    2      1.010    119.800      0.000  0.29520     2
   6  CA    CT      4    3    2      1.449    121.900    180.000 -0.11380     3
   7  HA    H1      6    4    3      1.090    109.500    300.000  0.07760     4
   8  CB    CT      6    4    3      1.525    111.100     60.000 -0.13980     5
   9  HB2   HC      8    6    4      1.090    109.500    300.000  0.04800     6
  10  HB3   HC      8    6    4      1.090    109.500     60.000  0.04800     7
  11  CG    CT      8    6    4      1.525    109.470    180.000  0.41790     8
  12  HG    HC     11    8    6      1.090    109.500    300.000 -0.05400     9
  13  CD1   CT     11    8    6      1.525    109.470     60.000 -0.40910    10
  14  HD11  HC     13   11    8      1.090    109.500     60.000  0.09840    11
  15  HD12  HC     13   11    8      1.090    109.500    180.000  0.09840    12
  16  HD13  HC     13   11    8      1.090    109.500    300.000  0.09840    13
  17  CD2   CT     11    8    6      1.525    109.470    180.000 -0.40910    14
  18  HD21  HC     17   11    8      1.090    109.500     60.000  0.09840    15
  19  HD22  HC     17   11    8      1.090    109.500    180.000  0.09840    16
  20  HD23  HC     17   11    8      1.090    109.500    300.000  0.09840    17
  21  C     C       6    4    3      1.522    111.100    180.000  0.57710    18
  22  O     O2     21    6    4      1.229    120.500      0.000 -0.74320    19
  23  OXT   O2     21    6    4      1.229    120.500    180.000 -0.74320    20
DONE
CILE
   1  DUMM  DU      0   -1   -2      0.000      0.000      0.000  0.00000     0
   2  DUMM  DU      1    0   -1      1.449      0.000      0.000  0.00000     0
   3  DUMM  DU      2    1    0      1.522    111.100      0.000  0.00000     0
   4  N     N       3    2    1      1.335    116.600    180.000 -0.44200     1
   5  H     H       4    3    2      1.010    119.800      0.000  0.29520     2
   6  CA    CT      4    3    2      1.449    121.900    180.000 -0.16220     3
   7  HA    H1      6    4    3      1.090    109.500    300.000  0.10280     4
   8  CB    CT      6    4    3      1.525    109.470     60.000  0.12960     5
   9  HB    HC      8    6    4      1.090    109.500    300.000  0.02070     6
  10  CG2   CT      8    6    4      1.525    109.470     60.000 -0.30210     7
  11  HG21  HC     10    8    6      1.090    109.500     60.000  0.08250     8
  12  HG22  HC     10    8    6      1.090    109.500    180.000  0.08250     9
  13  HG23  HC     10    8    6      1.090    109.500    300.000  0.08250    10
  14  CG1   CT      8    6    4      1.525    109.470    180.000 -0.03350    11
  15  HG12  HC     14    8    6      1.090    109.500    300.000  0.02890    12
  16  HG13  HC     14    8    6      1.090    109.500     60.000  0.02890    13
  17  CD1   CT     14    8    6      1.525    109.470    180.000 -0.09930    14
  18  HD11  HC     17   14    8      1.090    109.500     60.000  0.03160    15
  19  HD12  HC     17   14    8      1.090    109.500    180.000  0.03160    16
  20  HD13  HC     17   14    8      1.090    109.500    300.000  0.03160    17
  21  C     C       6    4    3      1.522    111.100    180.000  0.57710    18
  22  O     O2     21    6    4      1.229    120.500      0.000 -0.74320    19
  23  OXT   O2     21    6    4      1.229    120.500    180.000 -0.74320    20
DONE
CVAL
   1  DUMM  DU      0   -1   -2      0.000      0.000      0.000  0.00000     0
   2  DUMM  DU      1    0   -1      1.449      0.000      0.000  0.00000     0
   3  DUMM  DU      2    1    0      1.522    111.100      0.000  0.00000     0
   4  N     N       3    2    1      1.335    116.600    180.000 -0.44200     1
   5  H     H       4    3    2      1.010    119.800      0.000  0.29520     2
   6  CA    CT      4    3    2      1.449    121.900    180.000 -0.15310     3
   7  HA    H1      6    4    3      1.090    109.500    300.000  0.09200     4
   8  CB    CT      6    4    3      1.525    111.100     60.000  0.28960     5
   9  HB    HC      8    6    4      1.090    109.500    300.000  0.01140     6
  10  CG1   CT      8    6    4      1.525    109.470     60.000 -0.29020     7
  11  HG11  HC     10    8    6      1.090    109.500     60.000  0.06610     8
  12  HG12  HC     10    8    6      1.090    109.500    180.000  0.06610     9
  13  HG13  HC     10    8    6      1.090    109.500    300.000  0.06610    10
  14  CG2   CT      8    6    4      1.525    109.470    180.000 -0.29020    11
  15  HG21  HC     14    8    6      1.090    109.500     60.000  0.06610    12
  16  HG22  HC     14    8    6      1.090    109.500    180.000  0.06610    13
  17  HG23  HC     14    8    6      1.090    109.500    300.000  0.06610    14
  18  C     C       6    4    3      1.522    111.100    180.000  0.57710    15
  19  O     O2     18    6    4      1.229    120.500      0.000 -0.74320    16
  20  OXT   O2     18    6    4      1.229    120.500    180.000 -0.74320    17
DONE
CASN
   1  DUMM  DU      0   -1   -2      0.000      0.000      0.000  0.00000     0
   2  DUMM  DU      1    0   -1      1.449      0.000      0.000  0.00000     0
   3  DUMM  DU      2    1    0      1.522    111.100      0.000  0.00000     0
   4  N     N       3    2    1      1.335    116.600    180.000 -0.44200     1
   5  H     H       4    3    2      1.010    119.800      0.000  0.29520     2
   6  CA    CT      4    3    2      1.449    121.900    180.000 -0.05100     3
   7  HA    H1      6    4    3      1.090    109.500    300.000  0.08100     4
   8  CB    CT      6    4    3      1.525    111.100     60.000 -0.21840     5
   9  HB2   HC      8    6    4      1.090    109.500    300.000  0.10050     6
  10  HB3   HC      8    6    4      1.090    109.500     60.000  0.10050     7
  11  CG    C       8    6    4      1.522    111.100    180.000  0.68380     8
  12  OD1   O      11    8    6      1.229    120.500      0.000 -0.57510     9
  13  ND2   N      11    8    6      1.335    116.600    180.000 -0.78700    10
  14  HD21  H      13   11    8      1.010    119.800    180.000  0.36090    11
  15  HD22  H      13   11    8      1.010    119.800      0.000  0.36090    12
  16  C     C       6    4    3      1.522    111.100    180.000  0.57710    13
  17  O     O2     16    6    4      1.229    120.500      0.000 -0.74320    14
  18  OXT   O2     16    6    4      1.229    120.500    180.000 -0.74320    15
DONE
CGLN
   1  DUMM  DU      0   -1   -2      0.000      0.000      0.000  0.00000     0
   2  DUMM  DU      1    0   -1      1.449      0.000      0.000  0.00000     0
   3  DUMM  DU      2    1    0      1.522    111.100      0.000  0.00000     0
   4  N     N       3    2    1      1.335    116.600    180.000 -0.44200     1
   5  H     H       4    3    2      1.010    119.800      0.000  0.29520     2
   6  CA    CT      4    3    2      1.449    121.900    180.000 -0.12220     3
   7  HA    H1      6    4    3      1.090    109.500    300.000  0.07190     4
   8  CB    CT      6    4    3      1.525    111.100     60.000  0.10060     5
   9  HB2   HC      8    6    4      1.090    109.500    300.000  0.01500     6
  10  HB3   HC      8    6    4      1.090    109.500     60.000  0.01500     7
  11  CG    CT      8    6    4      1.525    109.470    180.000 -0.22900     8
  12  HG2   HC     11    8    6      1.090    109.500    300.000  0.09740     9
  13  HG3   HC     11    8    6      1.090    109.500     60.000  0.09740    10
  14  CD    C      11    8    6      1.522    111.100    180.000  0.69520    11
  15  OE1   O      14   11    8      1.229    120.500      0.000 -0.61690    12
  16  NE2   N      14   11    8      1.335    116.600    180.000 -0.78510    13
  17  HE21  H      16   14   11      1.010    119.800    180.000  0.35840    14
  18  HE22  H      16   14   11      1.010    119.800      0.000  0.35840    15
  19  C     C       6    4    3      1.522    111.100    180.000  0.57710    16
  20  O     O2     19    6    4      1.229    120.500      0.000 -0.74320    17
  21  OXT   O2     19    6    4      1.229    120.500    180.000 -0.74320    18
DONE
CARG
   1  DUMM  DU      0   -1   -2      0.000      0.000      0.000  0.00000     0
   2  DUMM  DU      1    0   -1      1.449      0.000      0.000  0.00000     0
   3  DUMM  DU      2    1    0      1.522    111.100      0.000  0.00000     0
   4  N     N       3    2    1      1.335    116.600    180.000 -0.44200     1
   5  H     H       4    3    2      1.010    119.800      0.000  0.29520     2
   6  CA    CT      4    3    2      1.449    121.900    180.000 -0.10620     3
   7  HA    H1      6    4    3      1.090    109.500    300.000  0.10450     4
   8  CB    CT      6    4    3      1.525    111.100     60.000  0.01330     5
   9  HB2   HC      8    6    4      1.090    109.500    300.000  0.03480     6
  10  HB3   HC      8    6    4      1.090    109.500     60.000  0.03480     7
  11  CG    CT      8    6    4      1.525    109.470    180.000  0.00880     8
  12  HG2   HC     11    8    6      1.090    109.500    300.000  0.02760     9
  13  HG3   HC     11    8    6      1.090    109.500     60.000  0.02760    10
  14  CD    CT     11    8    6      1.525    109.470    180.000  0.11670    11
  15  HD2   H1     14   11    8      1.090    109.500    300.000  0.05400    12
  16  HD3   H1     14   11    8      1.090    109.500     60.000  0.05400    13
  17  NE    N2     14   11    8      1.480    111.000    180.000 -0.52890    14
  18  HE    H      17   14   11      1.010    118.500      0.000  0.32840    15
  19  CZ    CA     17   14   11      1.330    123.000    180.000  0.87930    16
  20  NH1   N2     19   17   14      1.330    122.000      0.000 -0.83670    17
  21  HH11  H      20   19   17      1.010    119.800      0.000  0.42020    18
  22  HH12  H      20   19   17      1.010    119.800    180.000  0.42020    19
  23  NH2   N2     19   17   14      1.330    118.000    180.000 -0.83670    20
  24  HH21  H      23   19   17      1.010    119.800      0.000  0.42020    21
  25  HH22  H      23   19   17      1.010    119.800    180.000  0.42020    22
  26  C     C       6    4    3      1.522    111.100    180.000  0.57710    23
  27  O     O2     26    6    4      1.229    120.500      0.000 -0.74320    24
  28  OXT   O2     26    6    4      1.229    120.500    180.000 -0.74320    25
DONE
CHID
   1  DUMM  DU      0   -1   -2      0.000      0.000      0.000  0.00000     0
   2  DUMM  DU      1    0   -1      1.449      0.000      0.000  0.00000     0
   3  DUMM  DU      2    1    0      1.522    111.100      0.000  0.00000     0
   4  N     N       3    2    1      1.335    116.600    180.000 -0.44200     1
   5  H     H       4    3    2      1.010    119.800      0.000  0.29520     2
   6  CA    CT      4    3    2      1.449    121.900    180.000 -0.03610     3
   7  HA    H1      6    4    3      1.090    109.500    300.000  0.04910     4
   8  CB    CT      6    4    3      1.525    111.100     60.000 -0.03970     5
   9  HB2   HC      8    6    4      1.090    109.500    300.000  0.04360     6
  10  HB3   HC      8    6    4      1.090    109.500     60.000  0.04360     7
  11  CG    CC      8    6    4      1.510    115.000    180.000  0.04940     8
  12  ND1   NA     11    8    6      1.390    122.000    180.000 -0.16440     9
  13  HD1   H      12   11    8      1.010    126.000      0.000  0.27270    10
  14  CE1   CR     12   11    8      1.320    108.000    180.000  0.10380    11
  15  HE1   H5     14   12   11      1.090    120.000    180.000  0.10020    12
  16  NE2   NB     14   12   11      1.310    109.000      0.000 -0.47490    13
  17  CD2   CV     16   14   12      1.360    110.000      0.000  0.01880    14
  18  HD2   H4     17   16   14      1.090    120.000    180.000  0.09000    15
  19  C     C       6    4    3      1.522    111.100    180.000  0.57710    16
  20  O     O2     19    6    4      1.229    120.500      0.000 -0.74320    17
  21  OXT   O2     19    6    4      1.229    120.500    180.000 -0.74320    18
DONE
CHIE
   1  DUMM  DU      0   -1   -2      0.000      0.000      0.000  0.00000     0
   2  DUMM  DU      1    0   -1      1.449      0.000      0.000  0.00000     0
   3  DUMM  DU      2    1    0      1.522    111.100      0.000  0.00000     0
   4  N     N       3    2    1      1.335    116.600    180.000 -0.44200     1
   5  H     H       4    3    2      1.010    119.800      0.000  0.29520     2
   6  CA    CT      4    3    2      1.449    121.900    180.000 -0.07810     3
   7  HA    H1      6    4    3      1.090    109.500    300.000  0.06200     4
   8  CB    CT      6    4    3      1.525    111.100     60.000 -0.04210     5
   9  HB2   HC      8    6    4      1.090    109.500    300.000  0.06040     6
  10  HB3   HC      8    6    4      1.090    109.500     60.000  0.06040     7
  11  CG    CC      8    6    4      1.510    115.000    180.000  0.24520     8
  12  ND1   NB     11    8    6      1.390    122.000    180.000 -0.57530     9
  13  CE1   CR     12   11    8      1.320    108.000    180.000  0.24800    10
  14  HE1   H5     13   12   11      1.090    120.000    180.000  0.06460    11
  15  NE2   NA     13   12   11      1.310    109.000      0.000 -0.23430    12
  16  HE2   H      15   13   12      1.010    125.000    180.000  0.29490    13
  17  CD2   CW     15   13   12      1.360    110.000      0.000 -0.19360    14
  18  HD2   H4     17   15   13      1.090    120.000    180.000  0.14400    15
  19  C     C       6    4    3      1.522    111.100    180.000  0.57710    16
  20  O     O2     19    6    4      1.229    120.500      0.000 -0.74320    17
  21  OXT   O2     19    6    4      1.229    120.500    180.000 -0.74320    18
DONE
CHIP
   1  DUMM  DU      0   -1   -2      0.000      0.000      0.000  0.00000     0
   2  DUMM  DU      1    0   -1      1.449      0.000      0.000  0.00000     0
   3  DUMM  DU      2    1    0      1.522    111.100      0.000  0.00000     0
   4  N     N       3    2    1      1.335    116.600    180.000 -0.44200     1
   5  H     H       4    3    2      1.010    119.800      0.000  0.29520     2
   6  CA    CT      4    3    2      1.449    121.900    180.000  0.06420     3
   7  HA    H1      6    4    3      1.090    109.500    300.000  0.04530     4
   8  CB    CT      6    4    3      1.525    111.100     60.000 -0.00550     5
   9  HB2   HC      8    6    4      1.090    109.500    300.000  0.05560     6
  10  HB3   HC      8    6    4      1.090    109.500     60.000  0.05560     7
  11  CG    CC      8    6    4      1.510    115.000    180.000  0.09480     8
  12  ND1   NA     11    8    6      1.390    122.000    180.000 -0.00770     9
  13  HD1   H      12   11    8      1.010    126.000      0.000  0.28720    10
  14  CE1   CR     12   11    8      1.320    108.000    180.000 -0.07400    11
  15  HE1   H5     14   12   11      1.090    120.000    180.000  0.21330    12
  16  NE2   NA     14   12   11      1.310    109.000      0.000 -0.04320    13
  17  HE2   H      16   14   12      1.010    125.000    180.000  0.31920    14
  18  CD2   CW     16   14   12      1.360    110.000      0.000 -0.12240    15
  19  HD2   H4     18   16   14      1.090    120.000    180.000  0.17370    16
  20  C     C       6    4    3      1.522    111.100    180.000  0.57710    17
  21  O     O2     20    6    4      1.229    120.500      0.000 -0.74320    18
  22  OXT   O2     20    6    4      1.229    120.500    180.000 -0.74320    19
DONE
CTRP
   1  DUMM  DU      0   -1   -2      0.000      0.000      0.000  0.00000     0
   2  DUMM  DU      1    0   -1      1.449      0.000      0.000  0.00000     0
   3  DUMM  DU      2    1    0      1.522    111.100      0.000  0.00000     0
   4  N     N       3    2    1      1.335    116.600    180.000 -0.44200     1
   5  H     H       4    3    2      1.010    119.800      0.000  0.29520     2
   6  CA    CT      4    3    2      1.449    121.900    180.000 -0.07130     3
   7  HA    H1      6    4    3      1.090    109.500    300.000  0.06500     4
   8  CB    CT      6    4    3      1.525    111.100     60.000 -0.01490     5
   9  HB2   HC      8    6    4      1.090    109.500    300.000  0.03820     6
  10  HB3   HC      8    6    4      1.090    109.500     60.000  0.03820     7
  11  CG    C*      8    6    4      1.510    115.000    180.000 -0.09940     8
  12  CD1   CW     11    8    6      1.340    127.000    180.000 -0.07620     9
  13  HD1   H4     12   11    8      1.090    120.000      0.000  0.14460    10
  14  NE1   NA     12   11    8      1.430    107.000    180.000 -0.36410    11
  15  HE1   H      14   12   11      1.010    125.500    180.000  0.34260    12
  16  CE2   CN     14   12   11      1.310    109.000      0.000  0.17480    13
  17  CZ2   CA     16   14   12      1.400    128.000    180.000 -0.23110    14
  18  HZ2   HA     17   16   14      1.090    120.000      0.000  0.13890    15
  19  CH2   CA     17   16   14      1.390    116.000    180.000 -0.11120    16
  20  HH2   HA     19   17   16      1.090    120.000    180.000  0.10770    17
  21  CZ3   CA     19   17   16      1.350    121.000      0.000 -0.14790    18
  22  HZ3   HA     21   19   17      1.090    120.000    180.000  0.10830    19
  23  CE3   CA     21   19   17      1.410    122.000      0.000 -0.21730    20
  24  HE3   HA     23   21   19      1.090    120.000    180.000  0.15560    21
  25  CD2   CB     23   21   19      1.400    117.000      0.000  0.07560    22
  26  C     C       6    4    3      1.522    111.100    180.000  0.57710    23
  27  O     O2     26    6    4      1.229    120.500      0.000 -0.74320    24
  28  OXT   O2     26    6    4      1.229    120.500    180.000 -0.74320    25
DONE
CPHE
   1  DUMM  DU      0   -1   -2      0.000      0.000      0.000  0.00000     0
   2  DUMM  DU      1    0   -1      1.449      0.000      0.000  0.00000     0
   3  DUMM  DU      2    1    0      1.522    111.100      0.000  0.00000     0
   4  N     N       3    2    1      1.335    116.600    180.000 -0.44200     1
   5  H     H       4    3    2      1.010    119.800      0.000  0.29520     2
   6  CA    CT      4    3    2      1.449    121.900    180.000 -0.05370     3
   7  HA    H1      6    4    3      1.090    109.500    300.000  0.04670     4
   8  CB    CT      6    4    3      1.525    111.100     60.000 -0.00650     5
   9  HB2   HC      8    6    4      1.090    109.500    300.000  0.03400     6
  10  HB3   HC      8    6    4      1.090    109.500     60.000  0.03400     7
  11  CG    CA      8    6    4      1.510    115.000    180.000  0.02830     8
  12  CD1   CA     11    8    6      1.400    120.000    180.000 -0.10570     9
  13  HD1   HA     12   11    8      1.090    120.000      0.000  0.11420    10
  14  CE1   CA     12   11    8      1.400    120.000    180.000 -0.14840    11
  15  HE1   HA     14   12   11      1.090    120.000    180.000  0.11460    12
  16  CZ    CA     14   12   11      1.400    120.000      0.000 -0.07500    13
  17  HZ    HA     16   14   12      1.090    120.000    180.000  0.09890    14
  18  CE2   CA     16   14   12      1.400    120.000      0.000 -0.14840    15
  19  HE2   HA     18   16   14      1.090    120.000    180.000  0.11460    16
  20  CD2   CA     18   16   14      1.400    120.000      0.000 -0.10570    17
  21  HD2   HA     20   18   16      1.090    120.000    180.000  0.11420    18
  22  C     C       6    4    3      1.522    111.100    180.000  0.57710    19
  23  O     O2     22    6    4      1.229    120.500      0.000 -0.74320    20
  24  OXT   O2     22    6    4      1.229    120.500    180.000 -0.74320    21
DONE
CTYR
   1  DUMM  DU      0   -1   -2      0.000      0.000      0.000  0.00000     0
   2  DUMM  DU      1    0   -1      1.449      0.000      0.000  0.00000     0
   3  DUMM  DU      2    1    0      1.522    111.100      0.000  0.00000     0
   4  N     N       3    2    1      1.335    116.600    180.000 -0.44200     1
   5  H     H       4    3    2      1.010    119.800      0.000  0.29520     2
   6  CA    CT      4    3    2      1.449    121.900    180.000 -0.10280     3
   7  HA    H1      6    4    3      1.090    109.500    300.000  0.09050     4
   8  CB    CT      6    4    3      1.525    111.100     60.000 -0.00200     5
   9  HB2   HC      8    6    4      1.090    109.500    300.000  0.03960     6
  10  HB3   HC      8    6    4      1.090    109.500     60.000  0.03960     7
  11  CG    CA      8    6    4      1.510    109.470    180.000 -0.00020     8
  12  CD1   CA     11    8    6      1.400    120.000    180.000 -0.14210     9
  13  HD1   HA     12   11    8      1.090    120.000      0.000  0.11940    10
  14  CE1   CA     12   11    8      1.400    120.000    180.000 -0.18490    11
  15  HE1   HA     14   12   11      1.090    120.000    180.000  0.13580    12
  16  CZ    CA     14   12   11      1.400    120.000      0.000  0.25340    13
  17  OH    OH     16   14   12      1.360    120.000    180.000 -0.47680    14
  18  HH    HO     17   16   14      0.960    113.000      0.000  0.35840    15
  19  CE2   CA     16   14   12      1.400    120.000      0.000 -0.18490    16
  20  HE2   HA     19   16   14      1.090    120.000    180.000  0.13580    17
  21  CD2   CA     19   16   14      1.400    120.000      0.000 -0.14210    18
  22  HD2   HA     21   19   16      1.090    120.000    180.000  0.11940    19
  23  C     C       6    4    3      1.522    111.100    180.000  0.57710    20
  24  O     O2     23    6    4      1.229    120.500      0.000 -0.74320    21
  25  OXT   O2     23    6    4      1.229    120.500    180.000 -0.74320    22
DONE
CGLU
   1  DUMM  DU      0   -1   -2      0.000      0.000      0.000  0.00000     0
   2  DUMM  DU      1    0   -1      1.449      0.000      0.000  0.00000     0
   3  DUMM  DU      2    1    0      1.522    111.100      0.000  0.00000     0
   4  N     N       3    2    1      1.335    116.600    180.000 -0.44200     1
   5  H     H       4    3    2      1.010    119.800      0.000  0.29520     2
   6  CA    CT      4    3    2      1.449    121.900    180.000 -0.30650     3
   7  HA    H1      6    4    3      1.090    109.500    300.000  0.12540     4
   8  CB    CT      6    4    3      1.525    111.100     60.000  0.22820     5
   9  HB2   HC      8    6    4      1.090    109.500    300.000 -0.03510     6
  10  HB3   HC      8    6    4      1.090    109.500     60.000 -0.03510     7
  11  CG    CT      8    6    4      1.510    109.470    180.000 -0.21500     8
  12  HG2   HC     11    8    6      1.090    109.500    300.000  0.04520     9
  13  HG3   HC     11    8    6      1.090    109.500     60.000  0.04520    10
  14  CD    C      11    8    6      1.527    109.470    180.000  0.68960    11
  15  OE1   O2     14   11    8      1.260    117.200     90.000 -0.74290    12
  16  OE2   O2     14   11    8      1.260    117.200    270.000 -0.74290    13
  17  C     C       6    4    3      1.522    111.100    180.000  0.57710    14
  18  O     O2     17    6    4      1.229    120.500      0.000 -0.74320    15
  19  OXT   O2     17    6    4      1.229    120.500    180.000 -0.74320    16
DONE
CASP
   1  DUMM  DU      0   -1   -2      0.000      0.000      0.000  0.00000     0
   2  DUMM  DU      1    0   -1      1.449      0.000      0.000  0.00000     0
   3  DUMM  DU      2    1    0      1.522    111.100      0.000  0.00000     0
   4  N     N       3    2    1      1.335    116.600    180.000 -0.44200     1
   5  H     H       4    3    2      1.010    119.800      0.000  0.29520     2
   6  CA    CT      4    3    2      1.449    121.900    180.000 -0.24220     3
   7  HA    H1      6    4    3      1.090    109.500    300.000  0.09340     4
   8  CB    CT      6    4    3      1.525    111.100     60.000 -0.02340     5
   9  HB2   HC      8    6    4      1.090    109.500    300.000 -0.01040     6
  10  HB3   HC      8    6    4      1.090    109.500     60.000 -0.01040     7
  11  CG    C       8    6    4      1.527    109.470    180.000  0.76330     8
  12  OD1   O2     11    8    6      1.260    117.200     90.000 -0.75710     9
  13  OD2   O2     11    8    6      1.260    117.200    270.000 -0.75710    10
  14  C     C       6    4    3      1.522    111.100    180.000  0.57710    11
  15  O     O2     14    6    4      1.229    120.500      0.000 -0.74320    12
  16  OXT   O2     14    6    4      1.229    120.500    180.000 -0.74320    13
DONE
CLYS
   1  DUMM  DU      0   -1   -2      0.000      0.000      0.000  0.00000     0
   2  DUMM  DU      1    0   -1      1.449      0.000      0.000  0.00000     0
   3  DUMM  DU      2    1    0      1.522    111.100      0.000  0.00000     0
   4  N     N       3    2    1      1.335    116.600    180.000 -0.44200     1
   5  H     H       4    3    2      1.010    119.800      0.000  0.29520     2
   6  CA    CT      4    3    2      1.449    121.900    180.000 -0.08820     3
   7  HA    H1      6    4    3      1.090    109.500    300.000  0.09520     4
   8  CB    CT      6    4    3      1.525    111.100     60.000 -0.02770     5
   9  HB2   HC      8    6    4      1.090    109.500    300.000  0.02930     6
  10  HB3   HC      8    6    4      1.090    109.500     60.000  0.02930     7
  11  CG    CT      8    6    4      1.525    109.470    180.000 -0.01340     8
  12  HG2   HC     11    8    6      1.090    109.500    300.000  0.03870     9
  13  HG3   HC     11    8    6      1.090    109.500     60.000  0.03870    10
  14  CD    CT     11    8    6      1.525    109.470    180.000 -0.03590    11
  15  HD2   HC     14   11    8      1.090    109.500    300.000  0.05390    12
  16  HD3   HC     14   11    8      1.090    109.500     60.000  0.05390    13
  17  CE    CT     14   11    8      1.525    109.470    180.000  0.14200    14
  18  HE2   HP     17   14   11      1.090    109.500    300.000  0.04610    15
  19  HE3   HP     17   14   11      1.090    109.500     60.000  0.04610    16
  20  NZ    N3     17   14   11      1.470    109.470    180.000 -0.20990    17
  21  HZ1   H      20   17   14      1.010    109.470     60.000  0.28600    18
  22  HZ2   H      20   17   14      1.010    109.470    180.000  0.28600    19
  23  HZ3   H      20   17   14      1.010    109.470    300.000  0.28600    20
  24  C     C       6    4    3      1.522    111.100    180.000  0.57710    21
  25  O     O2     24    6    4      1.229    120.500      0.000 -0.74320    22
  26  OXT   O2     24    6    4      1.229    120.500    180.000 -0.74320    23
DONE
CPRO
   1  DUMM  DU      0   -1   -2      0.000      0.000      0.000  0.00000     0
   2  DUMM  DU      1    0   -1      1.449      0.000      0.000  0.00000     0
   3  DUMM  DU      2    1    0      1.522    111.100      0.000  0.00000     0
   4  N     N       3    2    1      1.337    117.000    180.000 -0.26670     1
   5  CD    CT      4    3    2      1.458    126.100    356.100  0.07400     2
   6  HD2   H1      5    4    3      1.090    109.500     80.000  0.02580     3
   7  HD3   H1      5    4    3      1.090    109.500    320.000  0.02580     4
   8  CG    CT      5    4    3      1.500    103.200    200.100  0.05720     5
   9  HG2   HC      8    5    4      1.090    109.500    218.000  0.00680     6
  10  HG3   HC      8    5    4      1.090    109.500     98.000  0.00680     7
  11  CB    CT      8    5    4      1.510    106.000    338.300  0.04390     8
  12  HB2   HC     11    8    5      1.090    109.500    256.300  0.02330     9
  13  HB3   HC     11    8    5      1.090    109.500    136.300  0.02330    10
  14  CA    CT      4    3    2      1.451    120.600    175.200 -0.21600    11
  15  HA    H1     14    4    3      1.090    109.500     60.000  0.10510    12
  16  C     C      14    4    3      1.522    109.500    300.000  0.57710    13
  17  O     O2     16   14    4      1.229    120.500      0.000 -0.74320    14
  18  OXT   O2     16   14    4      1.229    120.500    180.000 -0.74320    15
DONE
CCYS
   1  DUMM  DU      0   -1   -2      0.000      0.000      0.000  0.00000     0
   2  DUMM  DU      1    0   -1      1.449      0.000      0.000  0.00000     0
   3  DUMM  DU      2    1    0      1.522    111.100      0.000  0.00000     0
   4  N     N       3    2    1      1.335    116.600    180.000 -0.44200     1
   5  H     H       4    3    2      1.010    119.800      0.000  0.29520     2
   6  CA    CT      4    3    2      1.449    121.900    180.000 -0.01890     3
   7  HA    H1      6    4    3      1.090    109.500    300.000  0.06370     4
   8  CB    CT      6    4    3      1.525    111.100     60.000 -0.04360     5
   9  HB2   H1      8    6    4      1.090    109.500    300.000  0.07090     6
  10  HB3   H1      8    6    4      1.090    109.500     60.000  0.07090     7
  11  SG    SH      8    6    4      1.810    116.000    180.000 -0.24460     8
  12  HG    HS     11    8    6      1.330     96.000    180.000  0.15770     9
  13  C     C       6    4    3      1.522    111.100    180.000  0.57710    10
  14  O     O2     13    6    4      1.229    120.500      0.000 -0.74320    11
  15  OXT   O2     13    6    4      1.229    120.500    180.000 -0.74320    12
DONE
CCYX
   1  DUMM  DU      0   -1   -2      0.000      0.000      0.000  0.00000     0
   2  DUMM  DU      1    0   -1      1.449      0.000      0.000  0.00000     0
   3  DUMM  DU      2    1    0      1.522    111.100      0.000  0.00000     0
   4  N     N       3    2    1      1.335    116.600    180.000 -0.44200     1
   5  H     H       4    3    2      1.010    119.800      0.000  0.29520     2
   6  CA    CT      4    3    2      1.449    121.900    180.000 -0.05340     3
   7  HA    H1      6    4    3      1.090    109.500    300.000  0.07940     4
   8  CB    CT      6    4    3      1.525    111.100     60.000 -0.02390     5
   9  HB2   H1      8    6    4      1.090    109.500    300.000  0.07230     6
  10  HB3   H1      8    6    4      1.090    109.500     60.000  0.07230     7
  11  SG    S       8    6    4      1.810    116.000    180.000 -0.09060     8
  12  C     C       6    4    3      1.522    111.100    180.000  0.57710     9
  13  O     O2     12    6    4      1.229    120.500      0.000 -0.74320    10
  14  OXT   O2     12    6    4      1.229    120.500    180.000 -0.74320    11
DONE
CMET
   1  DUMM  DU      0   -1   -2      0.000      0.000      0.000  0.00000     0
   2  DUMM  DU      1    0   -1      1.449      0.000      0.000  0.00000     0
   3  DUMM  DU      2    1    0      1.522    111.100      0.000  0.00000     0
   4  N     N       3    2    1      1.335    116.600    180.000 -0.44200     1
   5  H     H       4    3    2      1.010    119.800      0.000  0.29520     2
   6  CA    CT      4    3    2      1.449    121.900    180.000 -0.07980     3
   7  HA    H1      6    4    3      1.090    109.500    300.000  0.06140     4
   8  CB    CT      6    4    3      1.525    111.100     60.000  0.05850     5
   9  HB2   HC      8    6    4      1.090    109.500    300.000  0.00420     6
  10  HB3   HC      8    6    4      1.090    109.500     60.000  0.00420     7
  11  CG    CT      8    6    4      1.525    109.470    180.000 -0.02270     8
  12  HG2   H1     11    8    6      1.090    109.500    300.000  0.07230     9
  13  HG3   H1     11    8    6      1.090    109.500     60.000  0.07230    10
  14  SD    S      11    8    6      1.810    110.000    180.000 -0.23670    11
  15  CE    CT     14   11    8      1.780    100.000    180.000 -0.04830    12
  16  HE1   H1     15   14   11      1.090    109.500     60.000  0.05690    13
  17  HE2   H1     15   14   11      1.090    109.500    180.000  0.05690    14
  18  HE3   H1     15   14   11      1.090    109.500    300.000  0.05690    15
  19  C     C       6    4    3      1.522    111.100    180.000  0.57710    16
  20  O     O2     19    6    4      1.229    120.500      0.000 -0.74320    17
  21  OXT   O2     19    6    4      1.229    120.500    180.000 -0.74320    18
DONE
